0.107344 0.025533 0.028946
0.090025 0.039646 0.029298
0.115630 0.029411 0.023988
0.117549 0.032646 0.066279
0.094113 0.048375 0.038753
0.089383 0.048231 0.079228
0.050348 0.099775 0.040144
0.081166 0.090989 0.038737
0.112082 0.120775 0.059562
0.099070 0.088552 0.088547
0.092397 0.058797 0.073111
0.096464 0.140762 0.081145
0.099648 0.189065 0.094300
0.113797 0.160054 0.092601
0.057949 0.213318 0.097892
0.058260 0.233531 0.066007
0.069444 0.237029 0.134478
0.019985 0.274977 0.073430
0.060555 0.251690 0.093053
0.010704 0.277295 0.110655
0.069244 0.301606 0.101156
0.056979 0.309086 0.115697
0.020060 0.296639 0.134076
0.038836 0.335588 0.096617
0.038851 0.328092 0.138959
-0.000325 0.362528 0.110063
0.035795 0.372966 0.139342
0.021463 0.374353 0.096696
-0.014382 0.417809 0.116527
-0.012958 0.412397 0.162541
0.008356 0.446990 0.180361
-0.025324 0.447870 0.147964
-0.027449 0.435896 0.134133
-0.023053 0.462069 0.127313
-0.033936 0.465950 0.091215
-0.067384 0.483369 0.146274
-0.089917 0.485373 0.134831
-0.082289 0.475879 0.165283
-0.078957 0.489471 0.174029
-0.133508 0.486566 0.167393
-0.094105 0.539924 0.175865
-0.135387 0.530076 0.204471
-0.159564 0.497833 0.157309
-0.135904 0.486176 0.168953
-0.179487 0.534891 0.165176
-0.160130 0.506213 0.125828
-0.141013 0.534488 0.166537
-0.173497 0.488435 0.128950
-0.203890 0.529758 0.139597
-0.241551 0.518828 0.100672
-0.195173 0.535893 0.111922
-0.205016 0.470183 0.099120
-0.254648 0.489198 0.129352
-0.226193 0.470831 0.071759
-0.269439 0.445414 0.082160
-0.265433 0.434601 0.054990
-0.332277 0.410625 0.066998
-0.299830 0.397255 0.030563
-0.280707 0.384929 0.001355
-0.300533 0.350943 -0.018914
-0.294394 0.328877 0.011019
-0.330625 0.283584 -0.052632
-0.318596 0.245712 -0.038016
-0.334077 0.231863 -0.058491
-0.320468 0.190884 -0.099016
-0.352065 0.154718 -0.100215
-0.326343 0.089451 -0.125324
-0.318395 0.058614 -0.149496
-0.314918 0.018270 -0.159265
-0.334654 -0.031282 -0.200976
-0.333810 -0.131467 -0.174022
-0.303057 -0.174834 -0.185589
-0.304279 -0.202623 -0.237583
-0.332598 -0.260833 -0.257126
-0.308978 -0.307955 -0.227191
-0.335054 -0.393117 -0.226585
-0.320804 -0.433959 -0.237830
-0.265230 -0.472442 -0.201180
-0.293936 -0.525789 -0.180564
-0.300524 -0.598626 -0.145253
-0.256454 -0.615690 -0.165028
-0.228767 -0.660243 -0.177977
-0.223424 -0.693019 -0.112517
-0.220596 -0.744180 -0.078661
-0.233217 -0.755278 -0.017775
-0.187950 -0.801222 0.001157
-0.181828 -0.814387 0.051702
-0.182424 -0.778617 0.082477
-0.162986 -0.795494 0.157311
-0.126697 -0.802320 0.176051
-0.111919 -0.827763 0.208726
-0.090387 -0.794292 0.255239
-0.106500 -0.772705 0.250796
-0.036532 -0.766167 0.335594
-0.036467 -0.754390 0.332948
0.001340 -0.706011 0.334797
-0.036793 -0.695359 0.358745
0.034699 -0.615078 0.342189
0.021571 -0.648593 0.372799
0.041726 -0.557129 0.338785
0.062755 -0.545214 0.352959
0.051926 -0.470452 0.381330
0.056492 -0.447694 0.351598
0.064420 -0.430187 0.302270
0.079656 -0.374996 0.350432
0.100848 -0.320416 0.315313
0.103935 -0.261341 0.303218
0.134385 -0.248189 0.313899
0.098060 -0.237988 0.271976
0.099083 -0.171184 0.234691
0.119200 -0.123709 0.272618
0.108874 -0.107541 0.257075
0.128095 -0.062170 0.256967
0.097392 -0.003377 0.234383
0.139659 0.050122 0.218080
0.130693 0.043034 0.195901
0.164139 0.075692 0.184073
0.124322 0.084101 0.210179
0.128087 0.166981 0.185957
0.053011 0.161178 0.153968
0.114318 0.221809 0.163062
0.091447 0.230689 0.215998
0.130525 0.234758 0.173857
0.081711 0.241809 0.151368
0.078441 0.298167 0.162134
0.069078 0.344592 0.158188
0.086501 0.326493 0.181749
0.062916 0.392196 0.182586
0.089949 0.437637 0.178323
0.079998 0.452094 0.174272
0.019661 0.476771 0.213464
0.025776 0.508244 0.216742
-0.005701 0.531586 0.215002
0.010572 0.540191 0.195239
0.023671 0.564342 0.236938
-0.009200 0.600216 0.227791
-0.024110 0.596768 0.238809
-0.021583 0.629983 0.271570
-0.014642 0.672365 0.252997
-0.049344 0.655552 0.306085
-0.048125 0.678216 0.279032
-0.083005 0.693989 0.274871
-0.104914 0.755277 0.269680
-0.129675 0.733950 0.284988
-0.089387 0.777358 0.287424
-0.130476 0.836926 0.345282
-0.122466 0.831839 0.391454
-0.221346 0.854966 0.352264
-0.200727 0.900657 0.407018
-0.195930 0.867529 0.437780
-0.209793 0.920906 0.429372
-0.257647 0.924358 0.478886
-0.226174 0.940300 0.423839
-0.263951 0.960316 0.487960
-0.282092 0.988266 0.501793
-0.300308 1.029195 0.502098
-0.342488 1.018435 0.528395
-0.364855 1.038276 0.537673
-0.387324 1.067415 0.565691
-0.385517 1.076354 0.570379
-0.409857 1.079787 0.596205
-0.461190 1.139913 0.623654
-0.439784 1.147264 0.640748
-0.512654 1.186075 0.669602
-0.498108 1.174139 0.671682
-0.567067 1.208979 0.713082
-0.537714 1.219180 0.751796
-0.603856 1.237446 0.736097
-0.635789 1.265480 0.753688
-0.613114 1.295565 0.788834
-0.646733 1.271167 0.804437
-0.679512 1.320651 0.821774
-0.711644 1.302154 0.829494
-0.721001 1.335791 0.838494
-0.773231 1.321100 0.860492
-0.789139 1.340199 0.874765
-0.814949 1.375643 0.872665
-0.839928 1.386189 0.930626
-0.838854 1.362461 0.935822
-0.894934 1.387026 0.940592
-0.890626 1.361184 0.969911
-0.914585 1.381171 0.945484
-0.992576 1.364725 0.949242
-1.026035 1.399654 0.934069
-0.982997 1.354887 0.957397
-1.086992 1.342462 0.947620
-1.095950 1.323916 0.909688
-1.077128 1.313190 0.889632
-1.141183 1.318753 0.845893
-1.171583 1.290036 0.827233
-1.212553 1.222204 0.774804
-1.188331 1.195461 0.818202
-1.256180 1.149398 0.709278
-1.272903 1.112639 0.659357
-1.288005 1.058267 0.600364
-1.301013 0.944912 0.484541
-1.318274 0.894162 0.393653
-1.349092 0.778769 0.318811
-1.360538 0.679458 0.199900
-1.358579 0.591877 0.138454
-1.365335 0.454857 0.007984
-1.417387 0.302322 -0.150825
-1.420568 0.137840 -0.258299
-1.416455 -0.022418 -0.360421
-1.378652 -0.187959 -0.480316
-1.383230 -0.397655 -0.533796
-1.350162 -0.547738 -0.628779
-1.384343 -0.758494 -0.675537
-1.366355 -0.956632 -0.717703
-1.315765 -1.174442 -0.668686
-1.298346 -1.393400 -0.621961
-1.277156 -1.579490 -0.446036
-1.291417 -1.736343 -0.270325
-1.207702 -1.925721 -0.080771
-1.169942 -2.051010 0.143949
-1.161654 -2.153238 0.474596
-1.123769 -2.223611 0.740286
-1.041530 -2.287941 1.033711
-0.979770 -2.241334 1.344772
-0.983972 -2.257116 1.614093
-0.935042 -2.155893 1.861046
-0.835836 -2.013348 2.012729
-0.835963 -1.923858 2.214475
-0.776947 -1.820101 2.238188
-0.748078 -1.676249 2.307324
-0.724658 -1.521385 2.264187
-0.666821 -1.330400 2.183760
-0.661080 -1.206151 2.100313
-0.646305 -1.056210 1.953825
-0.607010 -0.972091 1.817412
-0.619198 -0.829837 1.651125
-0.572877 -0.743436 1.528911
-0.533746 -0.638742 1.329036
-0.547414 -0.554029 1.189324
-0.563281 -0.514335 1.041958
-0.536052 -0.435888 0.932606
-0.499320 -0.399287 0.771776
-0.495833 -0.398542 0.689591
-0.534358 -0.356079 0.567504
-0.496909 -0.353538 0.495534
-0.503949 -0.377236 0.380198
-0.476850 -0.409125 0.303473
-0.493407 -0.385879 0.264980
-0.491091 -0.456153 0.212314
-0.454766 -0.480536 0.132154
-0.451650 -0.496951 0.107741
-0.421061 -0.549084 0.065472
-0.439643 -0.591918 0.027539
-0.463947 -0.605546 0.002265
-0.407701 -0.625609 0.037407
-0.393098 -0.667136 0.014942
-0.428130 -0.747450 0.035933
-0.363713 -0.756806 -0.003037
-0.356128 -0.830575 0.023265
-0.358215 -0.813963 0.059185
-0.328191 -0.845791 0.065179
-0.329943 -0.907299 0.111435
-0.291443 -0.877719 0.148418
-0.295862 -0.907365 0.175128
-0.256189 -0.914528 0.254345
-0.270611 -0.943455 0.274244
-0.231418 -0.930752 0.301655
-0.214316 -0.908439 0.372945
-0.170653 -0.916677 0.352053
-0.178991 -0.874595 0.395256
-0.129736 -0.853460 0.422902
-0.131763 -0.852025 0.447973
-0.140140 -0.839071 0.469443
-0.119703 -0.776086 0.454980
-0.108187 -0.748885 0.441226
-0.096391 -0.729674 0.450690
-0.081200 -0.670620 0.436572
-0.002657 -0.643832 0.477647
-0.016353 -0.575956 0.449321
-0.039973 -0.548727 0.442519
0.010989 -0.483030 0.387508
-0.016619 -0.483252 0.369887
0.029916 -0.447770 0.368490
-0.022140 -0.383139 0.353097
0.039559 -0.342969 0.337501
0.004357 -0.314205 0.301849
0.053691 -0.290949 0.283487
-0.000781 -0.276146 0.307468
0.104088 -0.237794 0.266471
0.068798 -0.220725 0.231772
0.068224 -0.122500 0.228076
0.048457 -0.119803 0.229479
0.058215 -0.098206 0.197279
0.085247 -0.055800 0.171515
0.097667 -0.048417 0.184136
0.061067 0.020724 0.189592
0.037735 -0.013775 0.169257
0.093145 0.038548 0.148472
0.070434 0.054085 0.127945
0.096466 0.073708 0.157699
0.099362 0.094684 0.142156
0.034071 0.097404 0.129157
0.017917 0.121425 0.120521
0.021488 0.130728 0.108756
0.028369 0.181727 0.093298
0.053339 0.175401 0.110667
0.026005 0.195237 0.089280
0.046342 0.218856 0.070945
-0.008218 0.241842 0.114178
0.023474 0.204054 0.134092
0.028638 0.230002 0.103344
0.044362 0.261433 0.076347
0.042946 0.240096 0.068518
0.023190 0.300815 0.102799
-0.002851 0.313737 0.109958
0.006778 0.334767 0.116649
0.013099 0.343771 0.105584
0.012075 0.331079 0.108123
0.015450 0.308332 0.120132
-0.040505 0.331189 0.125105
-0.052924 0.355058 0.090897
-0.053302 0.350763 0.100160
-0.029195 0.386331 0.095842
-0.085675 0.362179 0.068344
-0.067604 0.378472 0.102067
-0.075681 0.395720 0.082553
-0.103292 0.378561 0.076249
-0.069850 0.380866 0.056379
-0.098989 0.411976 0.056453
-0.132582 0.385573 0.073427
-0.123279 0.352150 0.098141
-0.144954 0.380788 0.067485
-0.145007 0.349860 0.078227
-0.111474 0.358596 0.060097
-0.142151 0.372577 0.073257
-0.162796 0.342040 0.074189
-0.124304 0.362144 0.016417
-0.151544 0.351678 0.026664
-0.180486 0.327456 0.003270
-0.156557 0.313837 0.060850
-0.178784 0.355813 0.026911
-0.128253 0.273830 0.020765
-0.200583 0.289475 0.043911
-0.215370 0.235347 0.007141
-0.198744 0.261167 -0.003327
-0.227546 0.198860 -0.013526
-0.206305 0.173574 -0.080424
-0.195832 0.168739 -0.087658
-0.179704 0.136409 -0.056759
-0.208558 0.113093 -0.059412
-0.256848 0.098450 -0.089315
-0.216198 0.045560 -0.112987
-0.246743 0.047611 -0.114160
-0.221785 -0.023459 -0.143112
-0.237619 -0.056696 -0.113024
-0.189741 -0.074799 -0.125684
-0.214240 -0.140180 -0.116319
-0.200947 -0.154579 -0.173784
-0.214276 -0.189904 -0.153416
-0.213415 -0.245311 -0.178742
-0.214116 -0.301287 -0.139109
-0.167612 -0.341013 -0.144782
-0.161521 -0.348876 -0.164554
-0.210509 -0.396325 -0.176799
-0.155730 -0.434556 -0.126782
-0.141031 -0.452676 -0.136198
-0.176846 -0.485144 -0.082498
-0.150173 -0.502353 -0.103050
-0.200158 -0.536449 -0.073313
-0.100780 -0.526336 -0.030675
-0.137471 -0.591534 -0.027518
-0.086898 -0.558176 0.021867
-0.122325 -0.597309 -0.003797
-0.074628 -0.598772 0.041042
-0.052068 -0.597384 0.065391
-0.069719 -0.595047 0.082191
-0.052119 -0.605407 0.104297
-0.031843 -0.566874 0.144344
-0.006724 -0.611024 0.138923
-0.014735 -0.576846 0.196476
0.037326 -0.549053 0.168377
0.000406 -0.546814 0.213658
0.037160 -0.514502 0.209548
0.066476 -0.481481 0.181590
0.024516 -0.452333 0.194798
0.035725 -0.431657 0.235580
0.073542 -0.407234 0.198213
0.053739 -0.344383 0.234721
0.088508 -0.372591 0.194617
0.075664 -0.317444 0.250749
0.112905 -0.327111 0.210767
0.098820 -0.231113 0.193651
0.090509 -0.225242 0.229047
0.098270 -0.198426 0.198908
0.090154 -0.179829 0.169808
0.139986 -0.131920 0.186170
0.132373 -0.121934 0.173164
0.120039 -0.041423 0.166013
0.149155 -0.012593 0.181062
0.119537 -0.039425 0.171529
0.083877 0.046517 0.149220
0.112727 0.031815 0.156997
0.119895 0.048694 0.182907
0.141156 0.112799 0.166778
0.143377 0.136304 0.175446
0.100122 0.146462 0.139932
0.074777 0.201667 0.176560
0.089665 0.201505 0.149619
0.129201 0.237886 0.142687
0.104393 0.279307 0.145258
0.076340 0.246251 0.116695
0.073818 0.290414 0.120546
0.064844 0.320176 0.122941
0.064200 0.338141 0.133140
0.029422 0.395610 0.149860
0.026421 0.397128 0.174741
0.041631 0.418239 0.207610
0.041551 0.455719 0.177516
0.029753 0.461027 0.187529
0.073897 0.490142 0.192631
-0.010705 0.509845 0.212857
-0.021426 0.538690 0.227938
-0.068488 0.568187 0.195344
-0.001507 0.582890 0.231873
-0.019535 0.592741 0.229002
-0.044639 0.644408 0.252181
-0.023148 0.630423 0.266627
-0.058331 0.639528 0.274633
-0.069734 0.672387 0.278302
-0.065475 0.675748 0.297069
-0.079787 0.699382 0.289040
-0.127808 0.699298 0.283982
-0.122026 0.707238 0.290988
-0.113199 0.764517 0.337374
-0.181426 0.781063 0.329859
-0.182756 0.765798 0.353483
-0.173292 0.797939 0.385337
-0.226394 0.844645 0.384180
-0.248383 0.812757 0.343070
-0.234435 0.848438 0.371097
-0.287883 0.876412 0.365836
-0.243984 0.915249 0.390722
-0.304952 0.858871 0.437931
-0.296032 0.862826 0.409612
-0.319295 0.890994 0.400329
-0.355013 0.931480 0.425414
-0.403433 0.937626 0.401556
-0.410192 0.955982 0.422510
-0.387917 0.934098 0.422440
-0.428529 0.944044 0.463672
-0.421546 0.935987 0.476472
-0.483174 0.949518 0.460121
-0.490874 0.912153 0.442118
-0.490092 0.960622 0.440531
-0.541076 0.926521 0.440371
-0.585349 0.932081 0.445125
-0.556686 0.915788 0.440643
-0.587411 0.927071 0.401448
-0.597843 0.888073 0.390481
-0.580159 0.874235 0.365171
-0.652157 0.827515 0.330851
-0.654827 0.850013 0.334077
-0.628938 0.759198 0.297675
-0.680863 0.745420 0.272520
-0.667420 0.693151 0.247950
-0.736412 0.647568 0.166798
-0.706630 0.599759 0.084738
-0.731088 0.544034 0.079251
-0.739176 0.454472 -0.000407
-0.767365 0.417751 -0.048008
-0.745765 0.324280 -0.071754
-0.744847 0.255648 -0.113862
-0.748209 0.148764 -0.196065
-0.773510 0.035414 -0.230883
-0.791472 -0.041189 -0.335370
-0.808866 -0.202260 -0.333995
-0.741945 -0.316594 -0.414568
-0.754340 -0.421120 -0.436777
-0.745782 -0.488675 -0.434334
-0.744327 -0.623622 -0.424539
-0.766094 -0.764608 -0.417964
-0.737505 -0.899808 -0.405238
-0.701026 -1.003616 -0.376728
-0.657178 -1.086498 -0.353620
-0.674388 -1.148704 -0.240861
-0.628980 -1.292422 -0.131274
-0.600596 -1.343866 -0.006679
-0.556852 -1.367892 0.111618
-0.547343 -1.450452 0.276934
-0.525120 -1.490626 0.355925
-0.473243 -1.480128 0.553155
-0.468302 -1.510678 0.601440
-0.428850 -1.515685 0.714838
-0.374450 -1.419593 0.848089
-0.376520 -1.376948 0.949513
-0.360263 -1.391143 0.991819
-0.303398 -1.317549 1.076521
-0.290918 -1.219775 1.105383
-0.208890 -1.140289 1.060451
-0.223711 -1.076799 1.072967
-0.218436 -0.957469 1.087450
-0.203439 -0.900242 1.064830
-0.186767 -0.797626 0.979078
-0.181426 -0.712426 0.982377
-0.175381 -0.675724 0.835260
-0.142685 -0.574432 0.835379
-0.122344 -0.514664 0.766269
-0.118376 -0.442955 0.685679
-0.127171 -0.380154 0.620522
-0.101580 -0.310884 0.590670
-0.114786 -0.254572 0.497284
-0.115026 -0.254071 0.482300
-0.097087 -0.207366 0.418802
-0.083003 -0.191064 0.358975
-0.088938 -0.170455 0.333473
-0.097405 -0.103843 0.291549
-0.035137 -0.130263 0.299086
-0.058902 -0.111622 0.229344
-0.069193 -0.053498 0.196411
-0.090397 -0.057435 0.168470
-0.080714 -0.071230 0.133633
-0.059439 -0.033758 0.121723
-0.058567 -0.074107 0.089124
-0.054068 -0.037045 0.117184
-0.031627 -0.017601 0.043419
-0.050711 -0.026814 0.102891
-0.049982 -0.021372 0.047517
-0.061315 -0.046841 0.028933
-0.046463 -0.053306 0.038667
-0.046721 -0.064834 0.033601
-0.055927 -0.047279 0.028620
-0.062016 -0.028371 0.002473
-0.053701 -0.043387 0.014940
-0.068593 -0.052406 -0.011204
-0.040317 -0.042001 -0.023425
-0.037188 -0.044668 -0.029352
-0.034703 -0.067962 0.029909
-0.039843 -0.073418 -0.046913
-0.052766 -0.087248 -0.026800
-0.082300 -0.072557 -0.004959
-0.074620 -0.128892 -0.041768
-0.046858 -0.084487 -0.057776
-0.024231 -0.119875 -0.017364
-0.034430 -0.121447 -0.017224
-0.019549 -0.124770 -0.064579
-0.041157 -0.136257 -0.026694
-0.070107 -0.150065 -0.061314
-0.072786 -0.163226 -0.063520
-0.003674 -0.164988 -0.048803
-0.027767 -0.136582 -0.019625
-0.042765 -0.167137 -0.030008
-0.027999 -0.203860 -0.008366
-0.005755 -0.195634 0.001604
-0.060062 -0.174783 -0.032535
-0.020760 -0.211368 -0.014822
-0.026973 -0.210637 0.012797
-0.033801 -0.187419 0.011153
0.006528 -0.166807 0.000611
-0.004111 -0.186585 -0.014158
0.053647 -0.170281 -0.004427
0.017308 -0.227957 0.038380
-0.020211 -0.183930 0.026681
0.018724 -0.136072 0.034505
-0.003450 -0.167024 0.030298
0.037046 -0.163500 0.014345
0.077719 -0.163260 0.018119
0.047100 -0.143115 0.042822
0.015739 -0.161505 0.026406
0.033408 -0.133444 0.051682
0.077598 -0.121963 0.034232
0.018233 -0.108751 0.045733
0.066324 -0.123046 0.043111
0.024274 -0.090699 0.044844
0.053699 -0.096734 0.073953
0.081116 -0.089029 0.031095
0.056616 -0.088708 0.078389
0.053852 -0.064851 0.079862
0.035846 -0.052651 0.061056
0.089375 -0.050187 0.092921
0.051347 -0.012063 0.063050
0.051836 -0.006899 0.025094
0.047901 0.016315 0.045086
0.071968 0.009330 0.078695
0.071719 0.049413 0.055755
0.041528 0.101742 0.058778
0.091359 0.032520 0.080073
0.063606 0.091657 0.088302
0.017708 0.075674 0.052170
0.039491 0.121499 0.069388
0.059634 0.109077 0.058616
0.094946 0.085116 0.077046
0.066656 0.144534 0.038666
0.028057 0.138751 0.065695
0.059388 0.161271 0.045753
0.046000 0.227608 0.055213
0.070672 0.176057 0.018332
0.045963 0.183729 0.088881
0.076685 0.193674 0.090288
0.025907 0.238498 0.087952
0.055680 0.220368 0.025755
0.008756 0.249715 0.071742
0.033072 0.209035 0.075144
0.004765 0.262705 0.039699
-0.009274 0.227677 0.084329
-0.019434 0.271167 0.072474
-0.043912 0.290607 0.109213
-0.003492 0.279646 0.093244
-0.060171 0.270747 0.058859
-0.028727 0.291305 0.118105
-0.056312 0.271679 0.087734
0.012819 0.289198 0.054000
-0.021320 0.295877 0.047910
-0.060658 0.300889 0.067056
-0.065763 0.321725 0.029248
-0.035301 0.331729 0.036812
-0.076863 0.309530 0.076995
-0.025828 0.333321 0.064308
-0.066972 0.328730 0.044743
-0.098857 0.303248 0.042392
-0.115712 0.275070 0.054610
-0.107882 0.285830 0.036235
-0.175096 0.257616 0.062224
-0.106248 0.238002 0.031226
-0.102990 0.293687 0.028727
-0.135532 0.285041 0.020627
-0.142986 0.257276 -0.001854
-0.120666 0.230931 0.019735
-0.118570 0.232161 -0.033279
-0.179105 0.213592 0.002330
-0.151911 0.170567 -0.004420
-0.176362 0.174531 -0.063053
-0.159266 0.128052 -0.036095
-0.133960 0.127460 -0.071712
-0.168173 0.097280 -0.042804
-0.159211 0.064184 -0.044829
-0.177032 0.046073 -0.057259
-0.190229 0.040327 -0.094378
-0.183683 0.031586 -0.084928
-0.195006 -0.020619 -0.065093
-0.170102 -0.021893 -0.118554
-0.150910 -0.065128 -0.104134
-0.174663 -0.078270 -0.081525
-0.155166 -0.101371 -0.108658
-0.127599 -0.136480 -0.125171
-0.176049 -0.172037 -0.143376
-0.153804 -0.185483 -0.113803
-0.166996 -0.222070 -0.097813
-0.164706 -0.259613 -0.141590
-0.168405 -0.295434 -0.113960
-0.113247 -0.304477 -0.117594
-0.131952 -0.300706 -0.096159
-0.139756 -0.380648 -0.117342
-0.112842 -0.385428 -0.058225
-0.083863 -0.376155 -0.096272
-0.074982 -0.399677 -0.048772
-0.068774 -0.437343 -0.083069
-0.082030 -0.504456 0.006483
-0.132233 -0.443437 -0.016821
-0.057902 -0.469747 -0.027811
-0.027560 -0.506308 0.002625
-0.079405 -0.502343 0.037950
-0.011823 -0.517309 0.030853
-0.020970 -0.460488 0.073365
-0.000388 -0.466810 0.080327
0.007971 -0.494877 0.071998
0.006134 -0.467241 0.103499
-0.010282 -0.417110 0.127071
0.008337 -0.436729 0.100811
0.033390 -0.423657 0.058765
0.022412 -0.396573 0.142365
0.038267 -0.395252 0.176490
0.089884 -0.354153 0.150967
0.061046 -0.349571 0.163937
0.068773 -0.334951 0.150285
0.082568 -0.299810 0.169031
0.061433 -0.248908 0.170905
0.056990 -0.254144 0.194413
0.096163 -0.230758 0.175984
0.102770 -0.188831 0.170458
0.111614 -0.208030 0.155147
0.118466 -0.165053 0.111489
0.093390 -0.117106 0.160501
0.107807 -0.094608 0.136429
0.085200 -0.113105 0.140330
0.112847 -0.044556 0.129209
0.104603 -0.043131 0.150397
0.141549 -0.034083 0.125945
0.136149 0.012277 0.128098
0.112762 0.015259 0.119396
0.091103 0.045555 0.144213
0.104105 0.070655 0.155791
0.124385 0.126316 0.138784
0.105482 0.088968 0.142863
0.092859 0.160498 0.157659
0.086709 0.150724 0.115733
0.128528 0.202904 0.146973
0.042904 0.233091 0.119466
0.057479 0.292599 0.108816
0.054896 0.237788 0.128451
0.046270 0.282907 0.145705
0.087978 0.326859 0.159044
0.094426 0.304227 0.143834
0.034503 0.355230 0.143448
0.046911 0.382201 0.199504
0.007830 0.380893 0.147182
0.025070 0.389717 0.156547
0.005412 0.390921 0.145813
0.015369 0.465697 0.144674
-0.005893 0.483841 0.162826
0.036439 0.449245 0.166499
-0.035644 0.497716 0.202675
-0.070585 0.526429 0.156883
-0.026137 0.523577 0.179949
-0.059101 0.516196 0.207341
-0.082807 0.565755 0.207431
-0.057394 0.573906 0.220540
-0.070015 0.612436 0.226865
-0.100686 0.617814 0.214765
-0.084299 0.603850 0.194547
-0.095621 0.666690 0.212389
-0.116073 0.616177 0.248608
-0.110771 0.672288 0.244359
-0.160684 0.665580 0.250863
-0.198352 0.690494 0.289533
-0.179939 0.707321 0.240286
-0.219529 0.677867 0.275055
-0.235803 0.709351 0.277526
-0.213973 0.724805 0.256696
-0.233166 0.707975 0.276386
-0.262467 0.698089 0.239279
-0.255619 0.719755 0.268271
-0.238319 0.712966 0.283506
-0.317128 0.741568 0.236439
-0.315842 0.731981 0.259575
-0.322348 0.713280 0.188970
-0.336922 0.694178 0.228713
-0.393574 0.688333 0.269523
-0.352292 0.686269 0.220614
-0.373269 0.674580 0.196944
-0.388966 0.608767 0.177678
-0.417225 0.619708 0.155131
-0.426231 0.572043 0.148908
-0.432584 0.549538 0.144302
-0.467682 0.558407 0.083655
-0.467024 0.489993 0.051172
-0.471647 0.474629 0.009725
-0.477057 0.414586 0.029605
-0.483385 0.370966 -0.003277
-0.513477 0.318906 -0.038712
-0.505882 0.287238 -0.063015
-0.491007 0.181143 -0.104291
-0.513518 0.193078 -0.150283
-0.524374 0.086327 -0.200299
-0.497299 0.049257 -0.233800
-0.530347 -0.053953 -0.237997
-0.504529 -0.096377 -0.280805
-0.531041 -0.203194 -0.295309
-0.522529 -0.294684 -0.295425
-0.524367 -0.370161 -0.315874
-0.495067 -0.480643 -0.361230
-0.496776 -0.548127 -0.311819
-0.463676 -0.607804 -0.304664
-0.475800 -0.685666 -0.293289
-0.459572 -0.787457 -0.250201
-0.408351 -0.833109 -0.270716
-0.414327 -0.889300 -0.176245
-0.393799 -0.931204 -0.100455
-0.363568 -1.033536 -0.057863
-0.365125 -1.063964 0.017042
-0.308703 -1.113204 0.101728
-0.359040 -1.146182 0.166154
-0.318341 -1.088759 0.291226
-0.253696 -1.147394 0.326653
-0.237718 -1.124528 0.379043
-0.213767 -1.112189 0.505809
-0.190557 -1.064891 0.522578
-0.164693 -1.065878 0.576859
-0.202827 -1.060165 0.617196
-0.147555 -0.995101 0.643778
-0.098917 -0.962858 0.659446
-0.076810 -0.900990 0.669523
-0.125455 -0.844455 0.656234
-0.061668 -0.774877 0.667390
-0.039051 -0.707994 0.614743
-0.020231 -0.654762 0.642341
-0.054004 -0.614915 0.580084
-0.005180 -0.543483 0.578463
-0.018681 -0.465330 0.536283
-0.008693 -0.431017 0.550529
0.002648 -0.378580 0.460038
0.046026 -0.343152 0.457323
0.039058 -0.270317 0.394118
0.029646 -0.246888 0.385227
0.059894 -0.195111 0.385251
0.021563 -0.196066 0.338309
0.072398 -0.117408 0.303212
0.062451 -0.103959 0.296138
0.067768 -0.058574 0.200077
0.071844 -0.024788 0.219104
0.012191 0.008720 0.263179
0.052364 0.047882 0.195588
0.059618 0.051314 0.184342
0.023314 0.105851 0.184958
0.007343 0.061008 0.197323
0.049215 0.164176 0.149512
0.027471 0.137581 0.129537
0.019791 0.178471 0.146461
0.017298 0.199280 0.121819
0.032939 0.208847 0.094764
-0.021445 0.217911 0.140452
0.038033 0.247084 0.103683
0.010170 0.209299 0.102242
-0.002307 0.258439 0.090868
0.024232 0.220882 0.097083
-0.010033 0.301578 0.113827
-0.006382 0.303170 0.094722
-0.011008 0.249146 0.056496
-0.002613 0.312261 0.107901
-0.069921 0.287937 0.100228
-0.006484 0.334682 0.061431
-0.031497 0.352579 0.084419
-0.045853 0.305907 0.090176
-0.059239 0.376648 0.092913
-0.066549 0.316443 0.127948
-0.087561 0.346096 0.063622
-0.057806 0.342396 0.093864
-0.122311 0.315607 0.063347
-0.085589 0.331310 0.090235
-0.108156 0.357147 0.061575
-0.108880 0.311931 0.071087
-0.053584 0.346959 0.083981
-0.114570 0.307585 0.043142
-0.105750 0.321102 0.025672
-0.109942 0.292313 0.009878
-0.155221 0.278128 0.039896
-0.126982 0.301458 0.004730
-0.122975 0.251995 0.037460
-0.159503 0.292203 0.053326
-0.134854 0.248808 -0.020764
-0.171810 0.254502 -0.044039
-0.195812 0.252260 -0.033107
-0.181880 0.179059 -0.034097
-0.168852 0.183756 -0.025082
-0.214918 0.172489 -0.051476
-0.168087 0.119225 -0.070124
-0.192068 0.127282 -0.077291
-0.221324 0.068977 -0.140138
-0.218457 0.045462 -0.110668
-0.193575 0.041567 -0.090408
-0.210849 -0.006284 -0.104784
-0.142839 -0.012717 -0.132402
-0.192937 -0.043385 -0.122201
-0.212063 -0.090639 -0.135306
-0.185604 -0.105788 -0.136096
-0.199476 -0.165107 -0.152393
-0.185993 -0.191216 -0.150240
-0.196864 -0.198540 -0.135296
-0.173815 -0.282184 -0.164836
-0.182129 -0.280653 -0.116261
-0.133001 -0.321381 -0.152482
-0.163240 -0.320963 -0.159894
-0.156707 -0.408474 -0.091951
-0.164609 -0.417121 -0.129215
-0.155315 -0.436533 -0.096043
-0.119076 -0.461259 -0.079836
-0.103878 -0.464741 -0.062397
-0.111880 -0.528128 -0.035534
-0.120449 -0.517586 -0.013450
-0.086280 -0.551456 -0.041394
-0.078831 -0.513957 0.037809
-0.095277 -0.552709 0.059480
-0.075002 -0.534136 0.082780
-0.040834 -0.565318 0.089911
-0.056483 -0.546458 0.070650
-0.036713 -0.567656 0.127429
0.017945 -0.525737 0.156270
-0.004021 -0.480162 0.145551
-0.011929 -0.545279 0.121354
0.028251 -0.505587 0.123962
0.000872 -0.477951 0.178804
0.020896 -0.471006 0.190230
0.059388 -0.417993 0.157729
0.039106 -0.426770 0.187017
0.027172 -0.430185 0.207391
0.082778 -0.379275 0.168576
0.044578 -0.361198 0.203379
0.063827 -0.343459 0.168007
0.085996 -0.304691 0.216697
0.126579 -0.237038 0.212002
0.131920 -0.262479 0.216196
0.080723 -0.213055 0.184879
0.114950 -0.216962 0.174731
0.094306 -0.148645 0.172931
0.123957 -0.146441 0.181267
0.130662 -0.108179 0.148576
0.084793 -0.044427 0.146588
0.086327 -0.041537 0.146423
0.119454 -0.021026 0.171885
0.140575 0.009572 0.126953
0.107431 0.029197 0.139447
0.106357 0.054774 0.139601
0.140562 0.096323 0.158579
0.089933 0.121987 0.142290
0.105046 0.136150 0.113255
0.129675 0.157920 0.165488
0.133243 0.175981 0.084434
0.079947 0.198353 0.161728
0.102200 0.234796 0.084991
0.115512 0.272913 0.109186
0.102311 0.289151 0.101205
0.080731 0.319316 0.151886
0.116655 0.284043 0.145616
0.072123 0.374319 0.116400
0.069623 0.380595 0.173622
0.062633 0.382465 0.200918
0.051786 0.402462 0.165570
0.032208 0.413021 0.176582
0.033560 0.458524 0.137546
0.028639 0.465906 0.174431
0.050687 0.493904 0.192360
0.036188 0.500278 0.159575
-0.003029 0.577258 0.200065
-0.013263 0.558887 0.202157
-0.032760 0.543077 0.212470
-0.057245 0.568825 0.238259
-0.047997 0.586469 0.222358
-0.028804 0.634164 0.258667
-0.064415 0.684815 0.243865
-0.109418 0.665886 0.255412
-0.082483 0.669943 0.272954
-0.120650 0.708272 0.253667
-0.122166 0.733842 0.306339
-0.118503 0.733081 0.298817
-0.162247 0.778493 0.293254
-0.159707 0.749343 0.302343
-0.178261 0.751730 0.355655
-0.194938 0.756473 0.316658
-0.213264 0.824271 0.355664
-0.250181 0.807850 0.330687
-0.251804 0.818725 0.397109
-0.256343 0.851276 0.386051
-0.339924 0.838068 0.387708
-0.284996 0.862684 0.392207
-0.276572 0.853132 0.370830
-0.282704 0.864667 0.393290
-0.362227 0.857010 0.409992
-0.403406 0.881723 0.401433
-0.372916 0.900710 0.432114
-0.425948 0.904529 0.431912
-0.409165 0.909275 0.448418
-0.438349 0.882296 0.440986
-0.450478 0.863104 0.380665
-0.513677 0.859984 0.369289
-0.497094 0.896476 0.411839
-0.480378 0.863240 0.391129
-0.509354 0.883110 0.391162
-0.547762 0.861479 0.357846
-0.565551 0.827875 0.326661
-0.580676 0.803128 0.264169
-0.603823 0.758213 0.271014
-0.620843 0.743974 0.230518
-0.638474 0.687078 0.237712
-0.641608 0.706726 0.194113
-0.643695 0.627108 0.151641
-0.653101 0.526733 0.094245
-0.658825 0.551941 0.089304
-0.666256 0.467716 0.024748
-0.703160 0.408967 -0.037401
-0.700254 0.330788 -0.096349
-0.707748 0.200439 -0.112882
-0.705958 0.144285 -0.174704
-0.733976 0.034125 -0.220941
-0.685331 -0.014624 -0.273252
-0.705838 -0.134753 -0.311009
-0.718883 -0.202211 -0.345308
-0.729223 -0.299241 -0.391288
-0.703966 -0.449611 -0.398597
-0.700978 -0.602821 -0.414572
-0.706935 -0.719138 -0.423383
-0.680639 -0.804106 -0.401946
-0.680192 -0.901065 -0.334799
-0.630623 -1.025826 -0.299789
-0.605708 -1.091555 -0.263299
-0.593583 -1.188705 -0.120240
-0.579262 -1.235728 -0.063635
-0.560310 -1.313164 0.055165
-0.534338 -1.383015 0.149568
-0.510826 -1.405149 0.294091
-0.484415 -1.406645 0.395920
-0.464212 -1.459538 0.517854
-0.422775 -1.388711 0.611627
-0.370968 -1.384131 0.735842
-0.361673 -1.346806 0.788208
-0.287318 -1.332127 0.906225
-0.294268 -1.251198 0.910237
-0.247528 -1.165606 0.993010
-0.249278 -1.160032 0.970017
-0.232960 -1.045071 0.997614
-0.195512 -0.984863 0.978153
-0.179551 -0.906175 0.952891
-0.209416 -0.828133 0.914200
-0.101747 -0.732345 0.881543
-0.167611 -0.684686 0.794926
-0.114396 -0.595291 0.773628
-0.120500 -0.581771 0.739251
-0.100402 -0.478084 0.700756
-0.077231 -0.453354 0.643605
-0.049494 -0.384987 0.585270
-0.094640 -0.303360 0.509039
-0.086792 -0.290782 0.431894
-0.073112 -0.247125 0.422655
-0.070121 -0.215006 0.337258
-0.051451 -0.174471 0.317730
-0.041435 -0.108392 0.302306
-0.027996 -0.101163 0.280080
-0.060603 -0.085271 0.211468
-0.039730 -0.061925 0.208664
-0.000255 -0.088848 0.195735
-0.016754 -0.028705 0.149432
-0.053800 -0.023542 0.112766
-0.031734 -0.025226 0.108557
-0.049183 -0.059874 0.148245
-0.037995 -0.001898 0.103802
-0.064636 -0.003571 0.103672
-0.009531 -0.005003 0.107862
-0.054526 0.016376 0.031503
-0.024964 0.029321 0.076003
-0.035589 0.026989 0.015030
-0.042910 0.023322 0.016772
-0.049912 0.033576 0.044485
-0.040028 0.031166 0.007598
-0.027690 0.002447 0.002784
-0.013662 0.019754 0.028138
-0.070809 -0.031628 0.005333
-0.029367 0.006391 -0.022146
-0.031729 0.012300 0.002597
-0.040182 -0.007540 -0.016442
-0.034402 0.000574 -0.044219
-0.038259 0.003339 0.039403
-0.054802 -0.019948 -0.035055
-0.032775 -0.006943 -0.017094
-0.047103 -0.063263 -0.053275
-0.030518 -0.067540 -0.052147
-0.019021 -0.048293 -0.021697
-0.041119 -0.053295 -0.024261
-0.027870 -0.078260 -0.048335
-0.028979 -0.082044 -0.032570
-0.019557 -0.066173 -0.015598
-0.038102 -0.084872 -0.043359
-0.050599 -0.074417 -0.027725
-0.024175 -0.058355 -0.014296
-0.042195 -0.102343 -0.048619
-0.017357 -0.089948 -0.014424
-0.001069 -0.112134 -0.018239
-0.004101 -0.141812 -0.022962
-0.016432 -0.125892 0.003866
-0.015677 -0.126301 -0.058726
0.053620 -0.147678 -0.021617
0.001418 -0.129709 0.032838
-0.025969 -0.148385 -0.004261
-0.056115 -0.117008 -0.011326
-0.022227 -0.181088 0.030417
-0.019557 -0.136408 -0.031124
0.033493 -0.155175 -0.027205
0.000953 -0.194850 -0.008297
0.002812 -0.153633 -0.003807
0.014414 -0.133653 -0.013197
0.042915 -0.129211 0.012098
0.005567 -0.141371 -0.028275
-0.021432 -0.125036 0.014103
-0.020620 -0.145232 0.012675
0.033222 -0.172542 0.012538
0.041586 -0.142007 -0.008649
-0.001643 -0.130567 0.024304
0.011328 -0.125776 -0.000987
0.044177 -0.136283 0.009472
0.010339 -0.130922 0.035497
0.059589 -0.114365 0.020735
0.050435 -0.078163 0.010668
0.038054 -0.096263 0.068666
0.078654 -0.088129 0.030286
0.056350 -0.072453 0.028266
0.056415 -0.071799 0.032238
0.043653 -0.078728 0.023179
0.032714 -0.016320 0.049175
0.033313 -0.022401 0.021237
0.040999 -0.033177 0.045056
0.047616 -0.019501 0.051742
0.038789 -0.064324 0.035496
0.033788 0.029605 0.026617
0.050510 -0.023356 0.065242
0.034847 -0.003416 0.011127
0.084307 -0.004133 0.053434
0.046761 0.054757 0.050030
0.024033 0.056834 0.088487
0.074355 0.046896 0.072232
0.034001 0.052198 0.040601
0.050081 0.059460 0.041702
0.021682 0.046711 0.040952
0.043432 0.083010 0.036074
0.011420 0.096747 0.050423
0.070833 0.068896 0.031713
0.033652 0.083312 0.067577
0.029381 0.153506 0.042034
0.036068 0.133344 0.084239
0.063570 0.132368 0.024620
0.009708 0.143265 0.052797
0.047554 0.171079 0.026343
0.018175 0.161002 0.066103
0.046708 0.195341 0.030626
0.030857 0.187383 0.022240
-0.019938 0.212990 0.046039
0.009845 0.181286 0.069307
-0.013808 0.195148 0.057317
-0.013923 0.201550 0.054724
0.004682 0.142831 0.048395
-0.006550 0.172059 0.049920
-0.018078 0.195391 0.047520
-0.048336 0.203489 0.038051
-0.026826 0.198564 0.044493
-0.030147 0.183384 0.049845
-0.018471 0.220877 0.032426
-0.051581 0.209770 0.059917
-0.050381 0.218570 0.052350
-0.030642 0.198626 0.030659
-0.030729 0.226020 0.022999
-0.036524 0.212468 -0.014559
-0.053855 0.214311 0.025319
-0.078850 0.184463 0.074860
-0.069092 0.208596 0.028975
-0.065157 0.188719 0.022167
-0.059979 0.200080 -0.051774
-0.051632 0.130850 -0.026231
-0.105030 0.168031 0.006056
-0.111747 0.184541 -0.048565
-0.069891 0.128451 -0.053379
-0.062315 0.142390 -0.016871
-0.093272 0.127723 -0.010939
-0.082702 0.118034 -0.020169
-0.075181 0.130632 -0.054439
-0.123323 0.098388 -0.078190
-0.070197 0.067060 -0.057912
-0.051527 0.084687 -0.053002
-0.104090 0.044164 -0.061237
-0.071047 0.049056 -0.054025
-0.109078 0.017682 -0.069778
-0.130013 -0.005030 -0.078188
-0.085776 -0.022917 -0.095496
-0.093721 -0.028867 -0.055456
-0.089053 -0.064385 -0.097051
-0.085429 -0.015189 -0.074453
-0.095769 -0.063784 -0.088831
-0.112020 -0.071444 -0.105762
-0.118820 -0.123453 -0.057913
-0.092450 -0.110697 -0.074376
-0.082190 -0.151228 -0.076434
-0.084657 -0.177414 -0.081589
-0.082479 -0.169660 -0.059083
-0.067755 -0.181409 -0.084113
-0.031530 -0.153448 -0.075866
-0.060778 -0.198932 -0.071784
-0.077918 -0.227004 -0.061937
-0.055757 -0.240677 -0.065245
-0.030604 -0.240232 -0.063129
-0.063559 -0.264377 -0.061306
-0.032824 -0.261384 -0.020963
-0.040945 -0.289081 -0.055329
-0.019886 -0.301133 0.009704
-0.032774 -0.305312 -0.035253
-0.016477 -0.311935 -0.002406
-0.008021 -0.307703 -0.018783
-0.023594 -0.282017 0.006635
-0.009292 -0.306008 0.016407
0.009816 -0.300232 0.032803
0.001549 -0.324711 0.039333
0.040836 -0.318364 0.053653
-0.016714 -0.294206 0.067810
0.048605 -0.292380 0.046381
0.011534 -0.299078 0.043239
0.025783 -0.264552 0.067646
0.073391 -0.255205 0.038416
0.005989 -0.250211 0.110849
0.076151 -0.271449 0.073284
0.018020 -0.279172 0.103384
0.070297 -0.238984 0.097211
0.099227 -0.218442 0.092592
0.074461 -0.191974 0.088437
0.085590 -0.151346 0.110288
0.064265 -0.168893 0.092617
0.112255 -0.164006 0.070852
0.049679 -0.146627 0.088980
0.091226 -0.077885 0.054870
0.060758 -0.107949 0.105166
0.087175 -0.059516 0.121074
0.093596 -0.084818 0.083756
0.092543 -0.054761 0.101137
0.088773 -0.024810 0.061262
0.085560 0.019786 0.111367
0.082680 -0.006768 0.111418
0.065949 0.050977 0.060404
0.115034 0.067220 0.103317
0.070252 0.072812 0.079173
0.050051 0.098217 0.069025
0.074004 0.096343 0.085727
0.056728 0.154028 0.099357
0.047832 0.116251 0.111685
0.054794 0.144650 0.047444
0.089249 0.148862 0.104981
0.064650 0.167951 0.096049
0.064141 0.201845 0.103550
0.053770 0.217166 0.125313
0.060400 0.214125 0.098980
0.012909 0.241236 0.051490
0.001163 0.262744 0.077649
0.059102 0.253149 0.078999
0.077955 0.285942 0.092236
0.034356 0.285243 0.101615
-0.002274 0.296539 0.075139
0.017506 0.289189 0.119189
0.000660 0.313317 0.118955
0.005097 0.375071 0.118186
0.021297 0.335198 0.082542
-0.038211 0.370834 0.095587
-0.018423 0.377000 0.101549
-0.010776 0.375363 0.119009
-0.052611 0.362771 0.122114
-0.055982 0.383363 0.109318
-0.069870 0.411048 0.138988
-0.071954 0.452096 0.150797
-0.060609 0.431922 0.122936
-0.030234 0.431334 0.147648
-0.098972 0.410690 0.145372
-0.073598 0.426011 0.106846
-0.113905 0.376704 0.164548
-0.082731 0.457591 0.098527
-0.107544 0.455452 0.085348
-0.115902 0.461283 0.133010
-0.114868 0.444567 0.116462
-0.131413 0.440475 0.103048
-0.133718 0.485972 0.110873
-0.140478 0.429603 0.108709
-0.164644 0.444936 0.080490
-0.162874 0.428065 0.060252
-0.173533 0.397604 0.078663
-0.187031 0.389993 0.068953
-0.165006 0.395911 0.084620
-0.191041 0.408857 0.039364
-0.207460 0.363369 0.011097
-0.200582 0.341671 0.001460
-0.242972 0.317915 0.029487
-0.233784 0.303139 0.006254
-0.237300 0.312783 -0.015973
-0.247362 0.228402 -0.020932
-0.213691 0.216555 -0.030689
-0.262168 0.195565 -0.042886
-0.276782 0.138535 -0.060081
-0.258499 0.144231 -0.075368
-0.285969 0.106982 -0.090255
-0.259747 0.076655 -0.097772
-0.276103 0.066724 -0.119892
-0.266737 0.010227 -0.147998
-0.243757 -0.066652 -0.144399
-0.268121 -0.064300 -0.188390
-0.294663 -0.080718 -0.164303
-0.252450 -0.150989 -0.166604
-0.218752 -0.195432 -0.201707
-0.243749 -0.250036 -0.161756
-0.240046 -0.291416 -0.210422
-0.237472 -0.347801 -0.204142
-0.301495 -0.403056 -0.186873
-0.262625 -0.456005 -0.175829
-0.190313 -0.474388 -0.170789
-0.237379 -0.532637 -0.136383
-0.204038 -0.540899 -0.129932
-0.198983 -0.569441 -0.086035
-0.141070 -0.590100 -0.067978
-0.163466 -0.656010 -0.069565
-0.170680 -0.647111 -0.012798
-0.153482 -0.705348 -0.003459
-0.128583 -0.702064 0.027374
-0.110970 -0.711190 0.074089
-0.122416 -0.704637 0.125794
-0.053011 -0.702658 0.127345
-0.049706 -0.681928 0.135518
-0.083681 -0.665622 0.187454
-0.011237 -0.672081 0.216399
-0.020235 -0.654824 0.235042
-0.012248 -0.631355 0.225111
0.030211 -0.608698 0.270000
-0.037432 -0.580877 0.233660
0.021348 -0.575851 0.273318
0.025398 -0.526703 0.244527
0.066422 -0.452910 0.281250
0.061628 -0.451882 0.302597
0.047611 -0.417648 0.299410
0.070525 -0.358894 0.277658
0.079011 -0.378634 0.268745
0.102314 -0.336721 0.276383
0.116082 -0.259597 0.268179
0.113866 -0.276410 0.255498
0.100286 -0.225430 0.238588
0.106461 -0.180759 0.214925
0.107538 -0.166152 0.252966
0.139063 -0.124608 0.190545
0.132503 -0.075425 0.197286
0.126053 -0.084274 0.194551
0.099843 -0.014130 0.185822
0.099069 0.018887 0.184847
0.112425 0.059838 0.176833
0.113578 0.080088 0.178160
0.080389 0.103364 0.173831
0.133521 0.158680 0.150032
0.118289 0.160716 0.142871
0.116048 0.195022 0.139922
0.078490 0.255356 0.143234
0.090211 0.238445 0.175873
0.111328 0.263236 0.170798
0.090615 0.322742 0.159679
0.113731 0.298982 0.127469
0.067127 0.352158 0.202291
0.070274 0.365606 0.183547
0.045265 0.411515 0.202444
0.029926 0.455701 0.195208
0.077660 0.433543 0.200596
0.038257 0.487087 0.183658
-0.011249 0.484493 0.196771
0.027535 0.534624 0.184447
-0.011609 0.571485 0.209502
0.025533 0.539136 0.216601
0.003422 0.563960 0.227962
-0.021565 0.623887 0.232559
-0.053615 0.612611 0.240311
-0.054800 0.642862 0.285290
-0.080761 0.669260 0.264912
-0.066463 0.715631 0.303460
-0.073268 0.708004 0.307366
-0.090172 0.670238 0.327350
-0.116695 0.755528 0.326719
-0.144802 0.778359 0.330180
-0.155381 0.752896 0.350259
-0.159197 0.787543 0.372464
-0.193173 0.861814 0.391134
-0.213712 0.823259 0.386337
-0.207970 0.855949 0.401286
-0.230696 0.942260 0.422729
-0.259154 0.926115 0.434654
-0.264067 0.960217 0.465212
-0.267181 0.948549 0.481725
-0.323150 0.981067 0.482060
-0.321122 1.000185 0.487067
-0.365244 1.015589 0.503693
-0.325177 1.052896 0.519781
-0.391933 1.062925 0.515610
-0.377701 1.031943 0.558016
-0.430309 1.076370 0.577114
-0.429313 1.062691 0.582356
-0.466459 1.095277 0.615996
-0.469480 1.089746 0.643056
-0.498800 1.157941 0.637837
-0.543934 1.151282 0.663295
-0.575505 1.115786 0.652222
-0.574838 1.148006 0.673923
-0.549002 1.176073 0.691615
-0.650551 1.185025 0.710557
-0.668809 1.237824 0.695087
-0.672821 1.214255 0.684250
-0.691813 1.230680 0.743461
-0.705488 1.211946 0.743356
-0.771872 1.186485 0.750536
-0.773597 1.240644 0.707334
-0.808180 1.214627 0.715997
-0.786210 1.213179 0.714598
-0.809681 1.181644 0.676555
-0.861291 1.175611 0.694332
-0.883609 1.185154 0.687112
-0.904456 1.161063 0.628059
-0.938673 1.107320 0.655203
-0.978950 1.063684 0.600557
-0.968452 1.058074 0.515899
-0.985964 0.998869 0.494326
-1.047885 0.910727 0.387310
-0.990497 0.887632 0.396761
-1.044902 0.816379 0.332116
-1.036343 0.758449 0.281392
-1.061883 0.680919 0.164162
-1.083053 0.609178 0.108510
-1.090454 0.520300 0.034748
-1.107626 0.399063 -0.080999
-1.120734 0.256510 -0.135746
-1.131856 0.121214 -0.265343
-1.123257 0.014170 -0.337025
-1.142941 -0.113488 -0.424606
-1.162515 -0.289322 -0.468015
-1.116358 -0.459715 -0.541305
-1.111657 -0.615298 -0.549143
-1.109389 -0.797060 -0.578490
-1.107590 -0.987626 -0.606022
-1.073353 -1.106470 -0.516603
-1.054456 -1.275575 -0.453091
-1.032255 -1.405617 -0.355820
-0.985479 -1.553900 -0.229363
-0.969788 -1.724543 -0.046405
-0.915779 -1.812934 0.147835
-0.895115 -1.886978 0.379613
-0.839185 -1.950437 0.571329
-0.825100 -1.957468 0.808152
-0.778648 -1.970527 1.013492
-0.722470 -1.913044 1.247452
-0.658715 -1.887583 1.413905
-0.651154 -1.789185 1.553533
-0.610877 -1.719207 1.656999
-0.611677 -1.603215 1.679957
-0.580786 -1.515227 1.703985
-0.527499 -1.363575 1.744120
-0.499126 -1.271602 1.697616
-0.478161 -1.154325 1.655682
-0.446511 -0.989567 1.535832
-0.435518 -0.879196 1.441816
-0.427739 -0.777832 1.333043
-0.395496 -0.711389 1.235651
-0.372992 -0.619481 1.121984
-0.359624 -0.546967 1.016109
-0.343756 -0.456979 0.900916
-0.296027 -0.392211 0.778654
-0.329509 -0.351482 0.704016
-0.309456 -0.326299 0.638872
-0.314035 -0.337182 0.555766
-0.281711 -0.300973 0.460852
-0.323871 -0.306687 0.418720
-0.275347 -0.272021 0.325407
-0.311068 -0.282931 0.299185
-0.322693 -0.264031 0.249850
-0.285418 -0.273512 0.149086
-0.268420 -0.297834 0.169660
-0.259273 -0.307244 0.107689
-0.245617 -0.303334 0.104711
-0.277318 -0.348643 0.042757
-0.265426 -0.358206 0.035037
-0.274187 -0.396585 0.037315
-0.247671 -0.371580 0.009639
-0.235938 -0.416476 -0.013164
-0.200626 -0.471969 0.001143
-0.248956 -0.479127 -0.011186
-0.202796 -0.510295 0.042641
-0.229724 -0.535368 -0.002268
-0.210747 -0.557262 0.010676
-0.164877 -0.578056 0.063810
-0.170660 -0.554142 0.077034
-0.166379 -0.571364 0.028442
-0.122618 -0.591050 0.032921
-0.137823 -0.595852 0.042242
-0.090288 -0.626979 0.123063
-0.128864 -0.640570 0.139469
-0.079016 -0.617719 0.120532
-0.096487 -0.628015 0.118448
-0.053580 -0.602701 0.150152
-0.087753 -0.603645 0.174049
-0.055627 -0.629374 0.189201
-0.043153 -0.604833 0.202439
-0.031911 -0.567555 0.195010
0.011767 -0.553780 0.241164
-0.035934 -0.523283 0.225457
0.022378 -0.556044 0.242714
0.034611 -0.486720 0.250365
0.021831 -0.442707 0.254158
0.049567 -0.445810 0.256229
0.041966 -0.406455 0.192104
0.050018 -0.327773 0.223327
0.053490 -0.335679 0.194469
0.066295 -0.323244 0.226128
0.081768 -0.292806 0.204931
0.071734 -0.275418 0.264181
0.054536 -0.245888 0.194862
0.081659 -0.182466 0.199395
0.107405 -0.178538 0.177583
0.065225 -0.169169 0.181876
0.068456 -0.127344 0.207409
0.072547 -0.117112 0.188464
0.094074 -0.059552 0.182030
0.107223 -0.068575 0.183390
0.103746 0.003989 0.174083
0.101898 -0.011361 0.172799
0.128930 -0.030991 0.138194
0.086817 0.058448 0.149480
0.108739 0.086993 0.161326
0.116727 0.074599 0.167080
0.098873 0.141362 0.134873
0.068905 0.123124 0.130712
0.087652 0.134300 0.132457
0.107964 0.163173 0.121223
0.055169 0.217533 0.120633
0.098561 0.239640 0.114418
0.081050 0.272870 0.126367
0.045982 0.279186 0.140314
0.051506 0.275534 0.143453
0.076835 0.314882 0.124610
0.038237 0.322659 0.116684
0.044852 0.334957 0.114958
0.034738 0.365423 0.145467
0.047273 0.374926 0.140151
-0.010983 0.422517 0.169039
0.049306 0.384528 0.130355
-0.028614 0.473272 0.171191
-0.018245 0.464522 0.140260
0.003193 0.497998 0.155219
-0.003138 0.487777 0.164264
-0.049902 0.525538 0.183582
-0.065720 0.529699 0.175843
-0.065145 0.576093 0.184425
-0.054495 0.544792 0.199085
-0.084035 0.577240 0.180885
-0.049702 0.594425 0.193652
-0.134291 0.583938 0.181026
-0.099259 0.591739 0.235444
-0.134223 0.607103 0.214574
-0.151238 0.590018 0.229664
-0.114192 0.663829 0.228540
-0.143459 0.626927 0.190378
-0.177614 0.641211 0.221390
-0.176821 0.664866 0.253383
-0.190328 0.657752 0.221062
-0.201347 0.629912 0.199525
-0.225177 0.627473 0.254375
-0.262059 0.661479 0.242773
-0.246058 0.650229 0.207955
-0.255036 0.635254 0.240176
-0.275025 0.614753 0.229770
-0.298142 0.625445 0.213993
-0.272011 0.666794 0.196938
-0.331635 0.637531 0.163401
-0.353608 0.584466 0.151915
-0.393241 0.586950 0.164122
-0.343677 0.620224 0.162912
-0.384888 0.550370 0.149287
-0.383520 0.535519 0.061028
-0.370747 0.482441 0.106115
-0.388410 0.455383 0.073585
-0.388924 0.414600 0.036773
-0.432443 0.409648 0.047884
-0.447891 0.324858 -0.036241
-0.442015 0.295718 -0.043670
-0.390613 0.264404 -0.043085
-0.434093 0.267108 -0.047281
-0.455368 0.182539 -0.112843
-0.493269 0.157744 -0.121203
-0.460905 0.057866 -0.200693
-0.433173 0.007854 -0.175570
-0.415908 -0.108874 -0.228203
-0.413557 -0.152877 -0.226382
-0.399576 -0.213332 -0.280493
-0.374418 -0.282775 -0.316526
-0.465520 -0.338293 -0.294438
-0.419261 -0.409918 -0.280311
-0.400566 -0.487301 -0.304403
-0.397132 -0.607495 -0.293883
-0.358040 -0.608770 -0.236070
-0.376036 -0.692410 -0.243638
-0.365826 -0.722270 -0.239980
-0.366252 -0.799789 -0.153354
-0.356461 -0.848924 -0.127163
-0.352230 -0.910116 -0.086671
-0.257151 -0.914174 0.021178
-0.290903 -0.989302 0.016453
-0.269592 -0.983688 0.118653
-0.279847 -1.021829 0.168841
-0.215499 -1.013428 0.241841
-0.203006 -1.022713 0.275915
-0.203140 -1.027464 0.345498
-0.142997 -1.026918 0.387942
-0.149700 -0.971275 0.417946
-0.126950 -0.971154 0.497526
-0.123710 -0.914961 0.485512
-0.050545 -0.876944 0.526845
-0.078539 -0.821616 0.558495
-0.051018 -0.758043 0.554411
0.009104 -0.713198 0.544590
-0.076330 -0.681110 0.552633
-0.009340 -0.623876 0.525445
-0.000689 -0.558197 0.540519
0.031064 -0.505586 0.472338
-0.024457 -0.474732 0.422988
0.033301 -0.432329 0.437336
0.034945 -0.331597 0.430487
0.072926 -0.321540 0.395772
0.022958 -0.302857 0.380414
0.048451 -0.234251 0.356999
0.086078 -0.210125 0.339871
0.059122 -0.188750 0.327243
0.064830 -0.103307 0.304603
0.075009 -0.100756 0.300458
0.078354 -0.049187 0.231664
0.038366 -0.000309 0.222628
0.074564 0.036715 0.234272
0.073211 0.041951 0.211091
0.074474 0.079227 0.170365
0.068835 0.112622 0.203427
0.090789 0.136204 0.153440
0.058336 0.160476 0.128381
0.047157 0.161296 0.198874
0.023936 0.178099 0.159959
0.057842 0.203097 0.127526
0.082058 0.261703 0.164952
0.043449 0.257987 0.129295
0.062576 0.297270 0.129574
0.045827 0.285146 0.134454
0.020251 0.309826 0.165227
-0.000522 0.357589 0.154659
0.038774 0.335116 0.118466
0.030077 0.379529 0.121649
-0.017466 0.363159 0.133048
-0.016701 0.364707 0.159134
0.002274 0.379796 0.105791
-0.008795 0.392170 0.116356
-0.036168 0.448102 0.152846
-0.024395 0.427529 0.124184
-0.048828 0.467101 0.151317
-0.036292 0.446702 0.122115
-0.058882 0.473267 0.173601
-0.060752 0.480564 0.165222
-0.071431 0.500917 0.162330
-0.058691 0.507752 0.179336
-0.116306 0.498994 0.133932
-0.067371 0.546525 0.168853
-0.118647 0.516318 0.149712
-0.144232 0.514461 0.200461
-0.140096 0.541561 0.145033
-0.153257 0.537585 0.141934
-0.166180 0.517989 0.169533
-0.149099 0.548201 0.132986
-0.195645 0.560077 0.148651
-0.198759 0.502977 0.134042
-0.214721 0.515780 0.136352
-0.227768 0.495960 0.115570
-0.246575 0.504915 0.133075
-0.229131 0.492056 0.156023
-0.244215 0.471434 0.089630
-0.237716 0.478077 0.028845
-0.230093 0.486777 0.056797
-0.299553 0.435461 0.067967
-0.274644 0.407068 0.054409
-0.304716 0.426977 0.028944
-0.303861 0.384806 0.033718
-0.321984 0.360766 0.033424
-0.327522 0.323803 -0.048067
-0.328308 0.251140 -0.008096
-0.293547 0.296903 -0.080629
-0.322505 0.222589 -0.088011
-0.334837 0.208789 -0.101737
-0.327150 0.149090 -0.117960
-0.361032 0.141257 -0.127890
-0.339638 0.043412 -0.155047
-0.315720 -0.012205 -0.143629
-0.341016 -0.029487 -0.214264
-0.346554 -0.098144 -0.177516
-0.348251 -0.161152 -0.166939
-0.303979 -0.204213 -0.183757
-0.313827 -0.245832 -0.247943
-0.302629 -0.310733 -0.229878
-0.330358 -0.387222 -0.178560
-0.299755 -0.419770 -0.211758
-0.303998 -0.495076 -0.243974
-0.279472 -0.514731 -0.178012
-0.296414 -0.565567 -0.142441
-0.271837 -0.634928 -0.154925
-0.266173 -0.645685 -0.087269
-0.219580 -0.656337 -0.078215
-0.240623 -0.746476 -0.049474
-0.224386 -0.746874 -0.007911
-0.187443 -0.790341 -0.003903
-0.185324 -0.786845 0.067472
-0.136377 -0.836710 0.122468
-0.178173 -0.827225 0.157816
-0.109542 -0.825332 0.138707
-0.101070 -0.826125 0.183863
-0.092477 -0.827194 0.222309
-0.096177 -0.805511 0.303120
-0.072421 -0.777526 0.322748
-0.029676 -0.754301 0.328168
-0.016444 -0.704954 0.344833
-0.060442 -0.653897 0.361037
0.012785 -0.601753 0.396013
0.010416 -0.588332 0.386872
0.011822 -0.567173 0.380800
0.040261 -0.540016 0.405365
0.046426 -0.499801 0.368849
0.039588 -0.415680 0.374444
0.046204 -0.385460 0.343585
0.076811 -0.387705 0.348309
0.084136 -0.338146 0.354240
0.050863 -0.256460 0.297069
0.121800 -0.249187 0.234231
0.061816 -0.217741 0.278118
0.102413 -0.194075 0.257623
0.095561 -0.154707 0.275656
0.097487 -0.131893 0.245428
0.117824 -0.064449 0.226833
0.097112 -0.047895 0.200465
0.128750 -0.003482 0.225336
0.118793 0.015572 0.185845
0.130743 0.075496 0.185377
0.065056 0.093716 0.169461
0.105790 0.164640 0.182922
0.078676 0.174451 0.183351
0.115693 0.183623 0.145749
0.069283 0.204692 0.147680
0.080769 0.228257 0.126147
0.101184 0.240371 0.168943
0.080059 0.300021 0.162610
0.031843 0.351298 0.159839
0.083821 0.311032 0.135217
0.073705 0.354656 0.206054
0.008078 0.371176 0.132941
0.058196 0.429269 0.181605
0.070717 0.447127 0.200707
0.056700 0.440274 0.168515
0.024328 0.426725 0.183936
0.004800 0.520169 0.183503
0.023264 0.490129 0.190206
0.004955 0.516840 0.146389
-0.010272 0.509562 0.199431
-0.021247 0.559467 0.248763
-0.053525 0.577119 0.245140
-0.059135 0.625712 0.196662
-0.043326 0.598032 0.257353
-0.067335 0.597149 0.217695
-0.121251 0.656026 0.264717
-0.117385 0.661376 0.237080
-0.084607 0.680745 0.276341
-0.118213 0.683871 0.255198
-0.142090 0.693438 0.265638
-0.119702 0.709794 0.272766
-0.179601 0.717995 0.281414
-0.167941 0.724333 0.307514
-0.199818 0.742249 0.317019
-0.207551 0.773803 0.308126
-0.218155 0.787537 0.322843
-0.232558 0.759461 0.320179
-0.288814 0.770149 0.342470
-0.268326 0.781812 0.317988
-0.311730 0.772460 0.360974
-0.284415 0.787754 0.320823
-0.343903 0.847942 0.297360
-0.312679 0.765707 0.344473
-0.340979 0.831682 0.358171
-0.364349 0.815583 0.348106
-0.363751 0.793232 0.321173
-0.416752 0.766775 0.307883
-0.431868 0.792957 0.318206
-0.402238 0.780742 0.314615
-0.406448 0.769901 0.292187
-0.489669 0.751378 0.230028
-0.493135 0.716407 0.250491
-0.490647 0.739467 0.206858
-0.507431 0.676060 0.195127
-0.538875 0.646755 0.143855
-0.539678 0.625115 0.181249
-0.550292 0.592760 0.119991
-0.589533 0.536967 0.111678
-0.542361 0.485980 0.045119
-0.589369 0.458250 0.038598
-0.558848 0.400193 -0.063492
-0.617664 0.335020 -0.057571
-0.582732 0.276898 -0.106020
-0.620770 0.166562 -0.160745
-0.609563 0.099947 -0.232570
-0.603253 0.019654 -0.228388
-0.599639 -0.073309 -0.243192
-0.583485 -0.120822 -0.297405
-0.604476 -0.235830 -0.335313
-0.658565 -0.300707 -0.337430
-0.578021 -0.452095 -0.378097
-0.571146 -0.515142 -0.382541
-0.543696 -0.622708 -0.408403
-0.561111 -0.700638 -0.380316
-0.567943 -0.807915 -0.332998
-0.540694 -0.894991 -0.285350
-0.524985 -0.957612 -0.238353
-0.473172 -1.056120 -0.137267
-0.463343 -1.118289 -0.086385
-0.457008 -1.160714 -0.007121
-0.446142 -1.196709 0.083665
-0.407003 -1.244480 0.194262
-0.344548 -1.270264 0.231286
-0.362750 -1.307237 0.363549
-0.346830 -1.306101 0.440378
-0.315499 -1.251745 0.511672
-0.282013 -1.273903 0.607420
-0.234762 -1.225310 0.668574
-0.227755 -1.185421 0.762581
-0.192592 -1.139384 0.792125
-0.174862 -1.040629 0.774164
-0.173136 -0.976304 0.840579
-0.120882 -0.907900 0.815923
-0.111870 -0.864498 0.821504
-0.097449 -0.797613 0.788539
-0.104898 -0.732806 0.758013
-0.050132 -0.676231 0.714825
-0.068150 -0.576588 0.718507
-0.018201 -0.497365 0.706145
-0.078164 -0.489765 0.621794
-0.054985 -0.398167 0.587791
-0.047255 -0.378276 0.514991
-0.031730 -0.315079 0.501492
-0.001695 -0.276955 0.455633
-0.010803 -0.203628 0.409786
-0.014058 -0.186566 0.372613
-0.009120 -0.175964 0.322995
-0.020400 -0.107350 0.313518
-0.037235 -0.111065 0.284432
0.022612 -0.064195 0.270832
0.015898 -0.034512 0.240934
0.004340 0.013047 0.229501
-0.005040 -0.023567 0.192284
-0.013210 0.015977 0.158310
-0.035111 0.040374 0.139625
-0.006101 0.090808 0.133097
0.025646 0.080687 0.140914
0.034624 0.065738 0.128750
-0.012225 0.098205 0.083393
-0.018970 0.100523 0.082293
-0.007635 0.096232 0.110058
0.007817 0.115880 0.048825
0.002607 0.118966 0.073175
-0.024413 0.166877 0.093476
0.014281 0.131361 0.054325
-0.033238 0.143402 0.046404
0.014783 0.160820 0.046352
-0.040662 0.162192 0.034918
-0.039321 0.133657 0.012544
-0.002947 0.168316 0.051161
-0.038382 0.187747 0.016857
-0.030743 0.167540 0.051857
-0.009840 0.161494 0.038437
-0.032928 0.152060 0.071822
-0.031355 0.161843 -0.025887
-0.060205 0.155125 0.002592
-0.015426 0.137529 -0.006362
-0.055073 0.122915 0.008456
-0.075073 0.111043 -0.009562
-0.050949 0.124215 0.048381
-0.039249 0.151956 0.007336
-0.081395 0.151222 -0.004878
-0.068552 0.141517 -0.000019
-0.050580 0.118344 -0.020848
-0.052556 0.132839 0.007863
-0.091750 0.121475 0.003604
-0.087789 0.074218 -0.002264
-0.043243 0.122426 -0.022143
-0.064542 0.107330 -0.083191
-0.076322 0.057893 -0.054607
-0.071110 0.053061 -0.045923
-0.076051 0.042901 -0.050899
-0.054244 0.023854 -0.013462
-0.070038 0.035206 -0.031216
-0.042052 0.056504 -0.090512
-0.050848 0.028016 -0.037989
-0.114050 -0.003851 -0.051515
-0.057912 -0.049085 -0.064261
-0.067524 -0.020888 -0.043035
-0.098098 -0.053879 -0.083015
-0.059775 -0.044684 -0.064589
-0.054804 -0.100038 -0.089259
-0.033155 -0.080397 -0.074033
-0.014872 -0.107932 -0.048380
-0.099905 -0.116797 -0.034232
-0.071282 -0.119747 -0.088520
-0.078131 -0.135017 -0.073155
-0.062447 -0.119741 -0.051497
-0.041351 -0.134454 -0.055106
-0.063217 -0.182281 -0.071211
-0.035345 -0.183586 -0.064067
-0.049898 -0.203671 -0.034851
-0.043058 -0.198307 -0.079401
-0.021906 -0.170159 -0.066793
0.010825 -0.239040 -0.041048
-0.041149 -0.223191 -0.043469
0.002812 -0.204114 -0.021153
0.004165 -0.218557 -0.045037
-0.011956 -0.207335 0.034514
0.003453 -0.228524 0.010211
0.014715 -0.246842 -0.021995
0.010600 -0.219960 0.021418
0.005362 -0.239127 -0.000209
-0.002391 -0.231311 -0.008058
0.006744 -0.202087 -0.010403
0.035949 -0.234703 0.061166
0.019117 -0.205416 0.039901
0.004543 -0.263669 0.002121
0.013097 -0.217097 0.072777
0.003038 -0.225488 0.046343
0.016597 -0.167326 0.009556
0.028199 -0.214940 0.055713
0.055153 -0.161705 0.047741
0.039488 -0.206056 0.049238
0.039275 -0.158599 0.054984
0.038127 -0.152322 0.031883
0.031473 -0.167456 0.059801
0.066337 -0.132366 0.051677
0.065431 -0.150945 0.027607
0.063123 -0.147187 0.078861
0.088626 -0.098529 0.081033
0.066840 -0.040324 0.072653
0.058670 -0.057561 0.049021
0.064163 -0.047972 0.099019
0.082540 -0.048573 0.087523
0.076402 -0.021284 0.068914
0.100175 0.002698 0.094141
0.061394 -0.014409 0.069346
0.032899 -0.000040 0.044741
0.092933 0.030970 0.062745
0.075199 0.056064 0.073941
0.072706 0.041827 0.046120
0.098395 0.095347 0.098346
0.049907 0.073347 0.064770
0.090002 0.065690 0.050766
0.104269 0.119962 0.060058
0.058413 0.131853 0.071334
0.071883 0.127305 0.076760
0.034299 0.182813 0.077036
0.052069 0.186177 0.084293
0.037773 0.181689 0.084863
0.092052 0.201599 0.090787
0.054985 0.215607 0.069362
0.057283 0.265825 0.117986
0.032778 0.261128 0.113785
0.066134 0.205884 0.043673
0.005969 0.261257 0.109235
0.021267 0.216066 0.041055
0.008821 0.271534 0.076499
-0.002081 0.309194 0.112128
0.002183 0.299346 0.138721
-0.023396 0.356682 0.116165
-0.011153 0.327262 0.081140
-0.023058 0.352186 0.063916
-0.016535 0.336275 0.107527
-0.019463 0.326579 0.108782
-0.014709 0.371876 0.091143
-0.046845 0.361353 0.076849
-0.090203 0.374130 0.082755
-0.056558 0.376393 0.078584
-0.060567 0.341298 0.120017
-0.075383 0.394259 0.050971
-0.114418 0.404003 0.088651
-0.083720 0.363071 0.063143
-0.054285 0.389914 0.103219
-0.107529 0.369877 0.048879
-0.099309 0.380010 0.074437
-0.110548 0.381192 0.076328
-0.133261 0.368720 0.067632
-0.096175 0.339595 0.036596
-0.139032 0.330605 0.041358
-0.126293 0.337016 0.070180
-0.171297 0.347966 0.043655
-0.167834 0.345646 0.047215
-0.140176 0.296461 0.009809
-0.198784 0.270885 0.029106
-0.161782 0.278998 0.032955
-0.206033 0.267518 0.020561
-0.201649 0.237640 -0.035903
-0.180785 0.253024 -0.038388
-0.220024 0.184914 -0.004321
-0.242738 0.165147 -0.067267
-0.165157 0.147836 -0.067981
-0.221447 0.099875 -0.085483
-0.218813 0.120934 -0.094469
-0.197277 0.063214 -0.132623
-0.253372 0.030537 -0.102481
-0.218834 0.009405 -0.101868
-0.211415 -0.072586 -0.146939
-0.241983 -0.119440 -0.189084
-0.242241 -0.118576 -0.146632
-0.192833 -0.153752 -0.175234
-0.208106 -0.202044 -0.148188
-0.245081 -0.228298 -0.167651
-0.258344 -0.302799 -0.155543
-0.203075 -0.337160 -0.148102
-0.200121 -0.357340 -0.202314
-0.225011 -0.416430 -0.136816
-0.161868 -0.434624 -0.119881
-0.155771 -0.457582 -0.106767
-0.163332 -0.474136 -0.144411
-0.151791 -0.513291 -0.070276
-0.148614 -0.560244 -0.075469
-0.147249 -0.545740 -0.026807
-0.096843 -0.614825 -0.026247
-0.129186 -0.602734 -0.025391
-0.076212 -0.598709 0.020096
-0.090107 -0.615366 0.031606
-0.079417 -0.591424 0.090131
-0.086448 -0.613002 0.088807
-0.072930 -0.578687 0.122163
-0.046854 -0.618045 0.135564
0.011943 -0.621491 0.168996
-0.015139 -0.604501 0.188141
0.000534 -0.568845 0.190789
-0.006168 -0.545058 0.204843
0.016058 -0.536274 0.181087
0.013499 -0.451394 0.224641
0.048049 -0.491677 0.233737
0.072833 -0.465427 0.247574
0.064791 -0.414141 0.229287
0.083939 -0.378127 0.271610
0.044253 -0.353559 0.251869
0.086135 -0.343533 0.202773
0.106700 -0.308434 0.208706
0.094582 -0.265610 0.266652
0.091633 -0.237922 0.253726
0.124232 -0.209575 0.226829
0.126547 -0.169245 0.264710
0.099063 -0.130996 0.188183
0.146903 -0.093230 0.194887
0.094349 -0.074927 0.194634
0.092459 -0.013391 0.171209
0.137096 0.005115 0.194840
0.135095 0.036334 0.174651
0.110796 0.010109 0.179618
0.166456 0.096020 0.160652
0.101445 0.077419 0.173802
0.112445 0.123523 0.158666
0.133013 0.168274 0.132569
0.109812 0.193808 0.147434
0.160014 0.230942 0.175895
0.090795 0.220867 0.180559
0.121054 0.285136 0.149362
0.082424 0.270595 0.149605
0.094482 0.333488 0.160984
0.111532 0.374045 0.166611
0.077825 0.409104 0.169791
0.086589 0.375042 0.146930
0.044372 0.422241 0.167967
0.057061 0.473474 0.190512
0.008386 0.468799 0.197609
0.025308 0.473351 0.210776
0.036159 0.518054 0.218571
0.010629 0.553079 0.218466
0.022685 0.559813 0.264640
-0.060996 0.598576 0.228018
-0.018655 0.628301 0.255888
-0.022866 0.633655 0.273412
-0.051563 0.679472 0.274274
-0.079790 0.710015 0.263465
-0.116917 0.705935 0.295344
-0.102646 0.768187 0.307324
-0.087930 0.783201 0.309822
-0.137143 0.794535 0.352621
-0.165751 0.843093 0.370646
-0.159220 0.827271 0.358154
-0.209127 0.833850 0.402369
-0.182688 0.834689 0.419780
-0.182689 0.882361 0.430454
-0.264049 0.908638 0.442747
-0.262651 0.957762 0.412103
-0.244555 0.972482 0.463600
-0.280636 0.954907 0.494914
-0.309545 1.005908 0.512242
-0.304896 1.024039 0.505676
-0.359287 1.010707 0.560751
-0.350388 1.078610 0.534389
-0.404787 1.063450 0.583093
-0.429509 1.133328 0.610183
-0.455819 1.134613 0.651732
-0.454213 1.137479 0.648956
-0.492814 1.157596 0.689485
-0.524918 1.187414 0.707461
-0.510131 1.218313 0.714769
-0.539873 1.236569 0.773518
-0.536389 1.246670 0.759732
-0.594321 1.290236 0.780663
-0.622403 1.301987 0.820480
-0.662324 1.339468 0.829463
-0.660787 1.317336 0.866795
-0.700090 1.386920 0.859833
-0.744479 1.401344 0.939185
-0.764672 1.400245 0.930658
-0.777806 1.390035 0.964274
-0.800456 1.456830 1.004750
-0.828828 1.465173 1.023476
-0.890125 1.441459 1.051092
-0.872554 1.494259 1.078985
-0.930876 1.517721 1.152237
-0.954473 1.529594 1.137373
-0.977378 1.508361 1.142063
-1.017088 1.566731 1.210402
-1.047956 1.538493 1.194170
-1.110856 1.609566 1.222216
-1.098971 1.607340 1.252862
-1.206865 1.635026 1.268054
-1.182549 1.641546 1.264778
-1.223612 1.647041 1.308107
-1.269869 1.652396 1.325622
-1.313791 1.627735 1.333928
-1.335886 1.613162 1.337127
-1.364413 1.664519 1.354772
-1.417740 1.643752 1.358794
-1.408718 1.643080 1.382355
-1.470541 1.667716 1.333584
-1.442454 1.621534 1.359875
-1.509466 1.653736 1.326531
-1.544389 1.628751 1.262663
-1.576962 1.544853 1.273986
-1.587851 1.515227 1.234017
-1.645020 1.515080 1.182096
-1.689232 1.496048 1.140948
-1.689307 1.401477 1.041868
-1.718093 1.353167 0.963745
-1.766621 1.268027 0.879093
-1.774430 1.169855 0.817089
-1.802639 1.066294 0.686896
-1.813303 0.938187 0.504641
-1.838393 0.807678 0.378074
-1.889862 0.685303 0.206650
-1.898619 0.549916 0.090956
-1.926004 0.308568 -0.103227
-1.891157 0.113170 -0.293396
-1.892540 -0.053516 -0.423537
-1.909234 -0.304491 -0.560758
-1.847680 -0.550190 -0.691467
-1.885584 -0.807319 -0.807284
-1.835058 -1.107399 -0.831013
-1.839904 -1.325381 -0.808708
-1.822230 -1.628812 -0.727207
-1.817382 -1.876047 -0.607569
-1.748005 -2.093088 -0.352281
-1.730154 -2.308480 -0.049376
-1.629938 -2.488536 0.338125
-1.612191 -2.651117 0.780420
-1.578194 -2.673212 1.219555
-1.503117 -2.761087 1.682957
-1.455762 -2.696833 2.138259
-1.363107 -2.662532 2.515210
-1.319136 -2.529967 2.792545
-1.286582 -2.411215 3.058971
-1.233270 -2.215100 3.230932
-1.165839 -2.055332 3.249990
-1.118912 -1.843897 3.225955
-1.158415 -1.618560 3.145629
-1.090195 -1.433619 2.940853
-1.078871 -1.215258 2.735096
-1.044791 -1.054105 2.569868
-1.022149 -0.974491 2.289682
-1.009306 -0.757625 2.035953
-0.962912 -0.717130 1.795029
-1.007852 -0.586304 1.556881
-0.938379 -0.520641 1.371067
-0.945151 -0.465287 1.147641
-0.905391 -0.449026 1.001342
-0.901318 -0.504818 0.832986
-0.894466 -0.527561 0.649934
-0.901764 -0.512593 0.517179
-0.853451 -0.565076 0.392034
-0.895093 -0.647648 0.301870
-0.852642 -0.671541 0.218712
-0.865890 -0.705251 0.157306
-0.847131 -0.779342 0.124467
-0.841329 -0.844410 0.058140
-0.842669 -0.968952 0.068082
-0.731328 -1.015252 0.071875
-0.733420 -1.093638 0.116709
-0.731521 -1.102952 0.138046
-0.752023 -1.229345 0.149628
-0.717014 -1.251415 0.220908
-0.692929 -1.324585 0.266574
-0.645397 -1.364254 0.394713
-0.618134 -1.398170 0.432786
-0.594843 -1.382110 0.572612
-0.538218 -1.393117 0.617568
-0.525430 -1.422321 0.690377
-0.526840 -1.345712 0.827749
-0.497545 -1.332781 0.836007
-0.456133 -1.320893 0.870085
-0.429288 -1.255361 0.943130
-0.399264 -1.219581 0.963201
-0.376999 -1.204148 1.011635
-0.330515 -1.089501 0.981356
-0.330517 -1.069014 0.957867
-0.298300 -1.016865 0.947786
-0.291719 -0.941022 0.877010
-0.304304 -0.860304 0.905189
-0.242846 -0.750442 0.853093
-0.210419 -0.750137 0.806407
-0.206235 -0.665921 0.741003
-0.214633 -0.643760 0.692922
-0.169799 -0.567742 0.649492
-0.195300 -0.530974 0.639734
-0.150101 -0.502490 0.554095
-0.151475 -0.457901 0.473231
-0.166981 -0.425942 0.487529
-0.118113 -0.394446 0.434108
-0.135572 -0.383079 0.389891
-0.123059 -0.384051 0.341013
-0.127112 -0.306258 0.291502
-0.103762 -0.299264 0.270205
-0.131233 -0.313811 0.237575
-0.119356 -0.262997 0.235110
-0.105335 -0.268853 0.227862
-0.091636 -0.268438 0.180121
-0.133716 -0.256559 0.139572
-0.046481 -0.268520 0.150826
-0.060220 -0.243841 0.122206
-0.080662 -0.230311 0.115534
-0.058949 -0.272155 0.126666
-0.042142 -0.219206 0.076377
-0.042743 -0.187806 0.103189
-0.044034 -0.251978 0.047668
-0.073960 -0.253924 0.103841
-0.038013 -0.218677 0.078649
-0.012375 -0.213229 0.053127
-0.056696 -0.219338 0.036329
-0.048880 -0.186085 0.082682
-0.050877 -0.238910 0.014560
-0.015245 -0.227440 0.035519
-0.007415 -0.214887 0.040385
-0.003890 -0.207237 0.014677
-0.015345 -0.214185 0.007098
0.014657 -0.169574 0.019914
0.015035 -0.221025 0.008800
0.006221 -0.195050 0.045495
0.027919 -0.232000 0.024739
0.000462 -0.176246 0.023741
0.050135 -0.195061 0.036042
0.020654 -0.180999 0.059364
0.032754 -0.159739 0.068714
0.018580 -0.182114 0.044852
0.045967 -0.166217 0.058369
0.022545 -0.174844 0.017242
0.021990 -0.130971 0.026851
0.024898 -0.145407 0.015263
0.047335 -0.153724 0.045480
0.033029 -0.108915 0.072114
0.042398 -0.158553 0.050023
0.033848 -0.069095 0.031410
0.032928 -0.067018 0.068213
0.033267 -0.111237 0.064027
0.017622 -0.073525 0.023105
0.077645 -0.039872 0.057993
0.102356 -0.025768 0.097120
0.025534 -0.045246 0.067042
0.064748 -0.051252 0.047264
0.048415 -0.043258 0.062279
0.102346 -0.037140 0.053649
0.057455 0.031946 0.045862
0.046482 0.014149 0.039832
0.062010 0.043263 0.069019
0.039600 0.035567 0.039387
0.061981 0.043522 0.032990
0.048137 0.047980 0.089916
0.031116 0.102565 0.051347
0.059238 0.069905 0.065386
0.079789 0.078997 0.081480
0.060128 0.123091 0.054754
0.041527 0.113162 0.037934
0.032746 0.146978 0.071383
0.047509 0.154699 0.083571
0.062847 0.178857 0.031819
0.036422 0.175111 0.106718
0.035051 0.140705 0.016224
0.020949 0.173646 0.054464
0.053512 0.218459 0.044485
0.057876 0.198110 0.046498
0.020662 0.174479 0.101948
-0.007403 0.201624 0.067010
-0.005275 0.215042 0.038889
-0.017053 0.194913 0.049960
-0.005870 0.220191 0.080812
-0.019761 0.215888 0.066337
-0.023295 0.233244 0.049388
-0.007530 0.291536 0.048314
-0.005512 0.252352 0.074976
-0.020280 0.247899 0.068196
-0.000806 0.281135 0.040116
-0.054979 0.248739 0.065712
-0.028073 0.254080 0.088527
-0.035039 0.260102 0.020874
-0.071818 0.275921 0.065420
-0.072716 0.267680 0.035126
-0.059249 0.294967 0.045010
-0.069304 0.280023 0.040572
-0.085108 0.279837 0.029560
-0.077714 0.268683 0.073780
-0.065785 0.244193 0.036483
-0.079437 0.245812 0.026866
-0.092647 0.268964 0.025667
-0.098769 0.241592 0.037797
-0.071266 0.259874 0.031897
-0.129249 0.215417 -0.006425
-0.141876 0.182685 0.017910
-0.095215 0.192050 0.017327
-0.130969 0.177810 -0.029598
-0.111783 0.156385 -0.022246
-0.131873 0.162937 -0.023376
-0.137680 0.162397 -0.064783
-0.144077 0.162599 -0.049746
-0.118775 0.128323 -0.039480
-0.167902 0.090259 -0.062324
-0.093616 0.074270 -0.080177
-0.148631 0.061822 -0.074548
-0.137953 0.013170 -0.080054
-0.139000 0.010321 -0.062828
-0.143772 -0.059777 -0.095545
-0.140735 -0.054106 -0.166369
-0.125498 -0.059543 -0.136831
-0.131254 -0.114034 -0.093143
-0.147249 -0.122927 -0.149462
-0.172183 -0.152996 -0.127090
-0.098131 -0.188300 -0.080970
-0.126003 -0.193913 -0.117038
-0.151776 -0.217135 -0.088860
-0.143225 -0.243621 -0.127199
-0.112491 -0.238454 -0.124420
-0.119784 -0.285860 -0.096089
-0.096822 -0.328552 -0.089065
-0.087121 -0.321873 -0.032245
-0.102550 -0.362725 -0.077301
-0.076566 -0.383694 -0.096140
-0.056512 -0.353976 -0.024313
-0.086653 -0.404435 -0.026076
-0.067088 -0.416747 -0.010054
-0.054997 -0.425053 0.017252
-0.063103 -0.375150 -0.009268
-0.046138 -0.406654 0.017267
-0.025476 -0.450829 0.036316
0.018743 -0.425022 0.029085
0.007658 -0.421720 0.050265
-0.010623 -0.405398 0.027212
0.022719 -0.363772 0.069183
-0.026032 -0.362334 0.096003
0.046894 -0.377287 0.111644
0.056681 -0.370971 0.075168
0.063597 -0.368571 0.112239
0.088182 -0.375045 0.083492
0.045197 -0.319843 0.099833
0.042437 -0.322884 0.126036
0.079923 -0.260163 0.155439
0.042027 -0.273849 0.145827
0.049488 -0.251774 0.136320
0.097442 -0.249998 0.126619
0.076673 -0.199888 0.123844
0.080818 -0.186255 0.117528
0.104785 -0.190519 0.110823
0.089979 -0.098686 0.139615
0.096619 -0.140212 0.148411
0.101633 -0.098552 0.154268
0.103961 -0.070818 0.132176
0.102047 -0.024929 0.135580
0.103684 -0.031792 0.117327
0.128583 -0.028245 0.146423
0.117604 0.016502 0.120609
0.093419 0.021321 0.110510
0.145608 0.065139 0.079397
0.102366 0.122651 0.131430
0.102634 0.126252 0.119273
0.118384 0.164888 0.114089
0.072546 0.147058 0.140830
0.092797 0.131261 0.130564
0.064265 0.255864 0.101382
0.066772 0.229884 0.107029
0.092412 0.243850 0.120602
0.045632 0.299046 0.125745
0.111303 0.285200 0.132822
0.041834 0.333133 0.164316
0.060114 0.341176 0.127048
0.058879 0.376144 0.130845
0.103408 0.411348 0.142015
0.026654 0.367425 0.156479
0.020677 0.376729 0.132374
0.003590 0.426515 0.190637
0.040241 0.460057 0.188243
0.002261 0.437328 0.130125
-0.031153 0.482458 0.190253
-0.024608 0.509695 0.195773
0.016074 0.526905 0.207754
-0.016253 0.529298 0.192679
-0.017573 0.581590 0.195306
-0.061326 0.586443 0.221145
-0.102106 0.580804 0.174834
-0.097777 0.598475 0.227804
-0.091005 0.600144 0.198690
-0.093798 0.610123 0.234706
-0.107747 0.572743 0.237879
-0.142593 0.654504 0.235359
-0.152016 0.673963 0.253644
-0.164265 0.633077 0.264591
-0.172302 0.691926 0.288126
-0.188275 0.660549 0.220625
-0.195598 0.678706 0.239250
-0.261018 0.683702 0.291238
-0.234783 0.668795 0.269266
-0.267406 0.703937 0.266044
-0.281029 0.703163 0.285510
-0.265775 0.690201 0.264425
-0.273024 0.734173 0.273272
-0.284343 0.697236 0.253836
-0.286105 0.711918 0.289964
-0.312379 0.679257 0.228239
-0.332048 0.679247 0.246558
-0.327304 0.696949 0.204393
-0.384249 0.653346 0.200789
-0.383709 0.633410 0.167717
-0.375096 0.609872 0.160754
-0.400060 0.588763 0.150782
-0.385875 0.616623 0.151456
-0.417324 0.542721 0.145773
-0.414345 0.539303 0.145326
-0.449838 0.477201 0.096504
-0.435751 0.449069 0.052164
-0.519741 0.409906 0.025170
-0.447229 0.358208 -0.016071
-0.485178 0.318850 -0.066939
-0.492150 0.253358 -0.108266
-0.520718 0.200537 -0.136226
-0.474819 0.135340 -0.127687
-0.508477 0.081779 -0.135540
-0.496949 0.031783 -0.203140
-0.497513 -0.088290 -0.271157
-0.503227 -0.136389 -0.277499
-0.442790 -0.213619 -0.288546
-0.511016 -0.275212 -0.246913
-0.501089 -0.392547 -0.351470
-0.465310 -0.445231 -0.324026
-0.454898 -0.522918 -0.314252
-0.468027 -0.612283 -0.309317
-0.448524 -0.712208 -0.300116
-0.431582 -0.758999 -0.264580
-0.417281 -0.862244 -0.217172
-0.404863 -0.869856 -0.163273
-0.408885 -0.943242 -0.114683
-0.363933 -1.002823 -0.047700
-0.360011 -1.016998 0.013765
-0.351788 -1.067398 0.076233
-0.321059 -1.101866 0.134470
-0.283632 -1.098773 0.251825
-0.264023 -1.135833 0.302963
-0.225165 -1.111233 0.366841
-0.264852 -1.118052 0.454098
-0.217426 -1.100968 0.506769
-0.160705 -1.021326 0.547704
-0.172116 -1.018137 0.539572
-0.162057 -0.949321 0.590445
-0.119804 -0.892421 0.645697
-0.114913 -0.837878 0.638800
-0.102890 -0.845162 0.620650
-0.061689 -0.754479 0.640751
-0.063957 -0.685908 0.627024
-0.025396 -0.613822 0.618062
-0.017891 -0.574542 0.579537
-0.001140 -0.499724 0.541388
-0.030048 -0.467838 0.548742
-0.001059 -0.425097 0.528177
0.011541 -0.389218 0.500533
0.036014 -0.314768 0.400305
0.026051 -0.269394 0.362303
0.059415 -0.259990 0.379140
0.053702 -0.155326 0.318154
0.035381 -0.139612 0.300841
0.071431 -0.121148 0.297630
0.054822 -0.050900 0.306805
0.052104 -0.036062 0.205271
0.065708 -0.003794 0.212238
0.082161 0.022277 0.229038
0.060144 0.044183 0.201485
0.054666 0.093665 0.198866
0.022053 0.060975 0.190004
0.037088 0.124218 0.147941
0.060253 0.110871 0.148095
0.010859 0.151305 0.138506
0.052156 0.197702 0.123695
0.083561 0.194107 0.128685
0.065575 0.210780 0.120097
0.056992 0.205513 0.084460
0.034636 0.228140 0.153324
0.032683 0.210313 0.133532
-0.031874 0.269706 0.127775
-0.004892 0.286897 0.158387
0.009329 0.283080 0.117825
0.015650 0.316960 0.111271
0.027130 0.279721 0.122452
0.022791 0.318713 0.094123
-0.017235 0.346093 0.113504
-0.018519 0.376414 0.109672
-0.053492 0.369449 0.086188
-0.057412 0.339000 0.100742
-0.054295 0.388224 0.076320
-0.061654 0.397695 0.077681
-0.060265 0.390364 0.104406
-0.102514 0.380043 0.103302
-0.080382 0.356950 0.081978
-0.069988 0.389559 0.057038
-0.092927 0.405992 0.064554
-0.087443 0.378191 0.083047
-0.097421 0.396271 0.044188
-0.128399 0.400986 0.107797
-0.110518 0.335079 0.036654
-0.115323 0.340127 0.055686
-0.124235 0.353210 0.039885
-0.132889 0.359572 0.088948
-0.140940 0.357149 0.042180
-0.151511 0.325987 0.051794
-0.184278 0.317868 0.008845
-0.195542 0.317560 0.015270
-0.168866 0.315172 -0.037103
-0.216238 0.238428 0.022955
-0.198598 0.248516 -0.021737
-0.207826 0.233730 -0.030495
-0.170643 0.209305 -0.048249
-0.204136 0.210868 -0.027358
-0.203520 0.132367 -0.066905
-0.197523 0.101707 -0.051083
-0.198101 0.118804 -0.089685
-0.206657 0.069074 -0.081073
-0.248021 0.003187 -0.116448
-0.255390 0.022508 -0.128469
-0.211099 -0.062761 -0.146569
-0.207838 -0.068483 -0.159507
-0.230825 -0.077688 -0.112869
-0.210952 -0.128646 -0.089217
-0.208277 -0.143941 -0.171037
-0.208141 -0.236198 -0.140830
-0.225637 -0.242538 -0.159610
-0.217304 -0.324139 -0.153285
-0.180297 -0.334384 -0.180456
-0.166345 -0.354499 -0.140823
-0.193791 -0.393885 -0.155470
-0.194893 -0.409303 -0.092329
-0.161068 -0.458989 -0.107220
-0.149004 -0.488466 -0.106130
-0.145206 -0.500095 -0.080768
-0.135106 -0.514956 -0.060126
-0.111051 -0.546394 -0.055237
-0.078127 -0.571558 -0.000195
-0.078349 -0.602719 -0.013654
-0.113014 -0.572469 0.044964
-0.077911 -0.624771 0.028580
-0.036304 -0.593007 0.027870
-0.051099 -0.590354 0.099279
-0.041221 -0.580747 0.103539
-0.040296 -0.582771 0.139541
-0.047685 -0.552845 0.152729
-0.003053 -0.599318 0.161553
0.022618 -0.562161 0.158796
-0.003084 -0.522133 0.199692
0.016686 -0.509819 0.225420
0.040073 -0.483605 0.212306
0.073041 -0.457642 0.218476
0.038711 -0.416972 0.233796
0.086863 -0.400609 0.181563
0.062059 -0.374523 0.229118
0.066096 -0.372549 0.206469
0.098113 -0.320682 0.198624
0.098749 -0.257361 0.218124
0.075266 -0.238732 0.224172
0.105020 -0.231825 0.213201
0.116335 -0.240348 0.241889
0.089409 -0.136798 0.183011
0.069275 -0.123566 0.193836
0.119324 -0.096632 0.183481
0.104703 -0.047141 0.181288
0.102570 -0.044180 0.193718
0.120981 -0.035324 0.177990
0.112514 0.000126 0.168912
0.148067 0.052084 0.176525
0.118336 0.067293 0.156508
0.135790 0.076320 0.167147
0.113602 0.131676 0.136315
0.073301 0.146423 0.157858
0.118170 0.211807 0.202122
0.142804 0.224029 0.105967
0.096724 0.196521 0.099633
0.115864 0.270372 0.145152
0.070732 0.294205 0.139395
0.102042 0.252170 0.133445
0.063462 0.326112 0.150490
0.101261 0.340668 0.161382
0.091265 0.370217 0.133602
0.058906 0.412243 0.174273
0.049539 0.429898 0.174528
0.037634 0.426915 0.205726
0.069068 0.441190 0.174385
0.009915 0.476793 0.178020
0.029417 0.511058 0.189691
0.015758 0.513524 0.220467
-0.005634 0.547844 0.230696
-0.046885 0.584406 0.239965
-0.054292 0.570298 0.215225
-0.053778 0.564878 0.230366
-0.020968 0.636602 0.232792
-0.075083 0.700058 0.304582
-0.064418 0.668592 0.258306
-0.127375 0.719056 0.267429
-0.100620 0.726379 0.266359
-0.115794 0.710079 0.309317
-0.129830 0.738597 0.257662
-0.148662 0.748839 0.312690
-0.165346 0.730392 0.314744
-0.174459 0.776061 0.282107
-0.208981 0.789268 0.330102
-0.226672 0.787739 0.312438
-0.200127 0.818392 0.368711
-0.224131 0.861893 0.416565
-0.221051 0.843800 0.381483
-0.278440 0.868324 0.386233
-0.311885 0.899673 0.415056
-0.286931 0.938028 0.389485
-0.305670 0.865121 0.407892
-0.351619 0.922249 0.402050
-0.342535 0.930701 0.419185
-0.355452 0.906473 0.384931
-0.403223 0.933446 0.423216
-0.415156 0.936979 0.403067
-0.433184 0.938187 0.452662
-0.470142 0.941007 0.415582
-0.473232 0.945201 0.413461
-0.490261 0.942125 0.454730
-0.494390 0.948244 0.428688
-0.536045 0.934485 0.392505
-0.553085 0.889662 0.387092
-0.571571 0.835023 0.379347
-0.569209 0.846113 0.338206
-0.627287 0.837389 0.332153
-0.601580 0.798888 0.287037
-0.632386 0.768044 0.292690
-0.633558 0.762368 0.263717
-0.697302 0.736123 0.221711
-0.703383 0.673708 0.180241
-0.671114 0.671649 0.142383
-0.725019 0.541811 0.068614
-0.711505 0.491567 0.084440
-0.669890 0.407262 -0.016695
-0.759896 0.365713 -0.040658
-0.766756 0.298189 -0.132549
-0.764226 0.216497 -0.151629
-0.745383 0.074448 -0.229797
-0.720935 0.007613 -0.314687
-0.739926 -0.123001 -0.301332
-0.740864 -0.203399 -0.353821
-0.763965 -0.330119 -0.371921
-0.757101 -0.458210 -0.405580
-0.764596 -0.535537 -0.419123
-0.717884 -0.677960 -0.458991
-0.714716 -0.805263 -0.389267
-0.672648 -0.894004 -0.398444
-0.676027 -1.001306 -0.348106
-0.656802 -1.069062 -0.240831
-0.658914 -1.207445 -0.168135
-0.611624 -1.287377 -0.048627
-0.588707 -1.350986 0.043638
-0.561724 -1.414199 0.155482
-0.537450 -1.466898 0.270226
-0.470488 -1.450270 0.397291
-0.504151 -1.507050 0.514056
-0.448633 -1.513365 0.654764
-0.415323 -1.458395 0.761657
-0.356241 -1.428298 0.839913
-0.334518 -1.388256 0.968693
-0.314910 -1.303180 1.009494
-0.274223 -1.227588 1.034042
-0.297266 -1.165442 1.041763
-0.274098 -1.099680 1.060319
-0.192784 -1.010810 1.033534
-0.201696 -0.956701 1.022126
-0.185030 -0.844017 0.994700
-0.165958 -0.753953 0.931154
-0.169984 -0.708609 0.875307
-0.131435 -0.620805 0.824206
-0.125952 -0.540832 0.743135
-0.090005 -0.476572 0.708858
-0.076016 -0.449651 0.663146
-0.130418 -0.378784 0.574936
-0.086172 -0.298534 0.563518
-0.102389 -0.261668 0.476834
-0.085118 -0.273616 0.415369
-0.063078 -0.230491 0.385228
-0.088749 -0.172416 0.328293
-0.070746 -0.134083 0.349857
-0.060637 -0.129169 0.260523
-0.065062 -0.093123 0.229406
-0.051680 -0.100198 0.213480
-0.086372 -0.082731 0.154736
-0.046497 -0.048952 0.126179
-0.036566 -0.048552 0.145443
-0.079768 -0.042578 0.095781
-0.092024 -0.019258 0.118433
-0.040449 -0.031249 0.074682
-0.038657 -0.002375 0.096387
-0.045142 -0.006816 0.062286
-0.023948 -0.006832 0.053546
-0.042820 0.018011 0.049413
-0.063997 -0.004309 0.051498
-0.082113 0.020211 0.040681
-0.050857 -0.031981 0.009336
-0.072771 -0.064178 0.025242
-0.062521 -0.005714 0.008142
-0.017157 0.001558 -0.034425
-0.029687 -0.055390 0.012111
-0.032332 -0.030797 -0.003895
-0.044293 -0.056418 -0.013462
-0.027951 -0.045159 0.005652
-0.059446 -0.064070 0.001596
-0.023562 -0.058020 -0.016338
-0.010851 -0.069743 -0.031453
-0.026801 -0.041182 -0.046250
-0.046917 -0.080409 -0.037724
-0.035786 -0.071171 -0.050812
-0.048416 -0.074405 -0.016204
-0.044065 -0.101347 -0.022639
-0.009171 -0.117593 -0.044725
-0.034845 -0.116327 0.008058
0.010421 -0.056918 -0.032534
-0.000854 -0.107073 0.016979
-0.030570 -0.089906 -0.010220
-0.039105 -0.092063 -0.023772
-0.047677 -0.107284 -0.008869
-0.037041 -0.135176 -0.040185
-0.019616 -0.134213 0.011241
-0.024469 -0.200266 -0.019466
0.015131 -0.102425 -0.024366
0.040587 -0.156526 -0.021307
-0.006427 -0.123897 0.022038
0.013835 -0.149352 -0.018295
-0.015902 -0.137020 -0.011543
0.021503 -0.136074 -0.002168
0.014094 -0.104672 0.026505
-0.012848 -0.158758 -0.000992
-0.007566 -0.147642 0.001199
0.029322 -0.161098 0.039127
0.060963 -0.098237 0.055403
0.052884 -0.133128 0.053306
0.045500 -0.114654 0.004545
0.033010 -0.124534 0.040962
0.016934 -0.124099 0.020027
-0.006494 -0.108140 0.049203
0.072163 -0.106960 0.012464
0.063610 -0.086516 0.038739
0.049132 -0.099681 0.038010
0.083775 -0.119551 0.021631
0.033759 -0.049187 0.016341
0.061412 -0.079255 0.028571
0.052371 -0.069349 0.033661
0.047222 -0.016616 0.027189
0.073651 -0.016031 0.038002
0.062566 -0.053662 0.046166
0.082494 -0.038121 0.031525
0.037804 0.012800 0.052644
0.080468 0.005633 0.053974
0.081098 0.013044 0.024870
0.077714 0.008848 0.061752
0.081329 0.040386 0.048949
0.098118 0.068869 0.058118
0.052615 0.028592 0.039923
0.082644 0.048499 0.070852
0.076326 0.084696 0.039033
0.069743 0.081694 0.066280
0.082490 0.132241 0.030199
0.032608 0.100167 0.094212
0.059685 0.122128 0.067856
0.083878 0.185265 0.036978
0.041682 0.151058 0.058276
0.052536 0.142513 0.090387
0.074872 0.175023 0.071503
0.050387 0.184519 0.074331
0.030974 0.186555 0.058876
0.020977 0.178903 0.050149
0.024041 0.218169 0.110172
-0.000356 0.228475 0.080295
0.012602 0.224520 0.064553
-0.000946 0.276192 0.040925
-0.003927 0.232371 0.071595
-0.026566 0.247360 0.082036
-0.004483 0.256435 0.083313
-0.016608 0.241504 0.053179
-0.008160 0.269801 0.067468
-0.011269 0.265440 0.027652
0.003930 0.246973 0.062741
-0.048404 0.300850 0.078645
-0.042817 0.261977 0.072417
-0.017597 0.297337 0.076208
-0.061121 0.288016 0.070262
-0.083231 0.293940 0.069234
-0.065371 0.292878 0.065464
-0.068415 0.328535 0.026975
-0.022388 0.289835 0.031799
-0.099689 0.302173 0.013799
-0.081751 0.322949 0.064401
-0.072352 0.280547 0.047505
-0.083574 0.266028 -0.005063
-0.097326 0.307328 0.044611
-0.068668 0.242071 0.044136
-0.073935 0.291326 0.004672
-0.110714 0.240915 0.018752
-0.099771 0.257545 0.014238
-0.103701 0.277472 0.015137
-0.125004 0.233937 0.002924
-0.122932 0.195293 0.015749
-0.126691 0.181848 0.023845
-0.109808 0.204447 -0.013990
-0.142403 0.141529 -0.070775
-0.178359 0.135250 0.008410
-0.148370 0.121804 -0.083366
-0.157822 0.135455 -0.055799
-0.161179 0.090047 -0.040117
-0.188959 0.125750 -0.086479
-0.150360 0.029284 -0.064550
-0.161231 0.038864 -0.098249
-0.154269 0.000779 -0.091528
-0.151332 -0.023559 -0.052493
-0.150612 -0.056665 -0.110544
-0.159617 -0.049548 -0.113696
-0.161001 -0.044500 -0.062526
-0.163999 -0.110917 -0.110122
-0.148326 -0.119661 -0.102663
-0.134086 -0.188337 -0.109042
-0.139025 -0.196338 -0.152012
-0.150397 -0.226223 -0.108900
-0.121032 -0.209511 -0.094802
-0.161045 -0.270558 -0.106502
-0.096863 -0.319766 -0.097511
-0.098823 -0.359744 -0.087392
-0.096991 -0.353460 -0.121454
-0.089806 -0.341449 -0.111163
-0.076180 -0.345319 -0.070426
-0.083935 -0.415796 -0.063056
-0.094352 -0.416372 -0.025059
-0.047234 -0.388537 -0.033754
-0.079353 -0.451119 -0.041167
-0.037361 -0.437165 0.020486
-0.055669 -0.456370 0.004534
-0.006128 -0.464829 0.016173
-0.055593 -0.461732 0.070050
-0.061302 -0.494151 0.082895
-0.009638 -0.431632 0.042247
-0.044705 -0.441762 0.072287
0.036079 -0.447000 0.121873
0.009062 -0.460307 0.113791
-0.000196 -0.414231 0.134297
0.067219 -0.435759 0.121149
0.042926 -0.379100 0.148332
0.042861 -0.404505 0.135185
0.044074 -0.370936 0.206912
0.051194 -0.321691 0.167505
0.071918 -0.317267 0.166879
0.068176 -0.285310 0.170717
0.065685 -0.264885 0.148387
0.080246 -0.239992 0.150015
0.079070 -0.255869 0.143913
0.088651 -0.255306 0.169845
0.133358 -0.193500 0.165690
0.116661 -0.158733 0.156772
0.129529 -0.107588 0.141403
0.109245 -0.106425 0.144346
0.129794 -0.077654 0.145200
0.118138 -0.088734 0.128716
0.110711 -0.023716 0.108272
0.133448 0.010463 0.128411
0.082834 0.007485 0.103231
0.139190 0.000601 0.123866
0.119028 0.047625 0.138912
0.100580 0.082043 0.117703
0.112633 0.109087 0.116952
0.143891 0.159581 0.127492
0.080391 0.163783 0.116749
0.093438 0.186285 0.127539
0.128433 0.220358 0.139032
0.126523 0.227064 0.157462
0.115400 0.269495 0.095813
0.032789 0.304118 0.145322
0.089968 0.281918 0.144166
0.058264 0.333789 0.120342
0.047153 0.319939 0.136672
0.036005 0.394351 0.174048
0.067580 0.401150 0.156321
0.050291 0.411669 0.161793
0.069298 0.427354 0.169338
0.046733 0.449354 0.181348
0.027057 0.458688 0.171571
-0.033052 0.476406 0.141891
-0.007162 0.479479 0.172789
-0.022448 0.501854 0.168199
-0.031163 0.525442 0.181759
-0.006300 0.588014 0.220395
-0.049485 0.594545 0.237372
-0.093814 0.591784 0.198862
-0.091517 0.650025 0.227206
-0.055412 0.597221 0.227067
-0.094759 0.654208 0.230359
-0.127648 0.625543 0.227805
-0.113589 0.680179 0.251765
-0.126045 0.659839 0.282874
-0.160803 0.719946 0.296838
-0.140561 0.721473 0.296130
-0.204730 0.711464 0.295611
-0.165104 0.767082 0.329084
-0.185996 0.757580 0.347543
-0.201579 0.768790 0.334499
-0.234393 0.825480 0.331360
-0.235419 0.791047 0.330301
-0.240371 0.778244 0.322450
-0.294221 0.792133 0.350707
-0.284758 0.809301 0.345551
-0.317047 0.844609 0.375560
-0.305317 0.814265 0.372053
-0.302411 0.839457 0.380524
-0.364174 0.803580 0.331821
-0.373601 0.864478 0.331212
-0.391641 0.828563 0.348049
-0.420297 0.833770 0.360038
-0.420586 0.816859 0.372428
-0.428360 0.807950 0.323628
-0.490262 0.825772 0.340087
-0.500286 0.815522 0.304322
-0.465645 0.787564 0.274274
-0.500641 0.763445 0.257835
-0.511861 0.758919 0.267598
-0.546836 0.701668 0.245971
-0.534880 0.693594 0.209058
-0.557705 0.608711 0.180785
-0.559022 0.652434 0.156267
-0.599566 0.570003 0.103131
-0.591143 0.526861 0.086635
-0.591277 0.457506 0.055608
-0.609735 0.403207 0.012023
-0.623086 0.374571 -0.054890
-0.649604 0.298139 -0.110739
-0.653902 0.238500 -0.153399
-0.603574 0.114380 -0.153473
-0.636401 0.037658 -0.227255
-0.642572 -0.038713 -0.287504
-0.619803 -0.152675 -0.301770
-0.632516 -0.221729 -0.331077
-0.586408 -0.319471 -0.399542
-0.601816 -0.396348 -0.373649
-0.618673 -0.544011 -0.365540
-0.603916 -0.638636 -0.363731
-0.553627 -0.770056 -0.368464
-0.558124 -0.837951 -0.339776
-0.596461 -0.907060 -0.271576
-0.535733 -1.018418 -0.214754
-0.557995 -1.077534 -0.176221
-0.493207 -1.155352 -0.066763
-0.475573 -1.227410 -0.006317
-0.440052 -1.275128 0.096553
-0.437923 -1.290151 0.220614
-0.410779 -1.276194 0.295281
-0.362378 -1.307703 0.394762
-0.370220 -1.349179 0.510365
-0.283653 -1.281933 0.583773
-0.282376 -1.296180 0.642056
-0.248210 -1.248734 0.744327
-0.247784 -1.218565 0.810155
-0.233844 -1.146013 0.820662
-0.191930 -1.111861 0.847250
-0.167440 -1.002637 0.831628
-0.155379 -0.971945 0.833152
-0.140460 -0.870043 0.840634
-0.085363 -0.815960 0.842124
-0.089900 -0.716418 0.788346
-0.092268 -0.648465 0.764173
-0.073327 -0.601169 0.739888
-0.037416 -0.528388 0.690890
-0.052012 -0.483234 0.675290
-0.057546 -0.445863 0.568161
-0.015051 -0.372918 0.535576
-0.041806 -0.311572 0.506946
-0.089982 -0.289297 0.475273
-0.032018 -0.222585 0.405259
-0.001385 -0.148536 0.328777
-0.010072 -0.145258 0.342591
0.015293 -0.109763 0.298489
-0.026407 -0.099197 0.289594
-0.005652 -0.038220 0.218311
0.004618 -0.043731 0.192960
-0.024954 -0.054648 0.225979
-0.017518 0.005667 0.153564
0.011128 0.010250 0.151877
-0.002899 0.053222 0.136629
0.019974 0.061296 0.129768
-0.031947 0.075852 0.103063
0.015438 0.059638 0.111674
-0.014375 0.114074 0.097670
0.000471 0.094702 0.082559
0.066188 0.130450 0.085211
-0.005755 0.092075 0.084009
-0.013033 0.095760 0.043148
-0.024619 0.110104 0.049053
-0.029718 0.120524 0.042104
-0.064487 0.113286 0.057862
-0.033416 0.125354 0.072133
0.013120 0.160016 0.013242
-0.010634 0.121467 0.045667
-0.007910 0.128414 0.034564
-0.047199 0.133079 0.052722
-0.034093 0.135097 0.031553
-0.028296 0.086937 0.025714
0.004212 0.103197 -0.007944
-0.055985 0.113079 0.018970
-0.035147 0.147665 0.001054
-0.031244 0.079475 -0.001101
-0.021978 0.085172 -0.018571
-0.047277 0.078708 0.025494
-0.070758 0.096643 -0.017258
-0.072785 0.134550 -0.018292
-0.079097 0.067545 -0.030875
-0.030842 0.048376 -0.023755
-0.055465 0.025955 -0.004473
-0.060441 0.041253 -0.011039
-0.073653 0.062616 -0.041841
-0.083084 0.072834 -0.047061
-0.063782 0.013665 -0.041611
