 -1.43893925   0.20939942
 -2.33026677   0.02580840
 -1.84376993  -0.08964675
 -2.98322407   0.45963537
 -2.25407643   0.71805152
 -1.89821148   1.08587912
 -2.20371798   0.69593077
 -1.09802489   0.99843934
 -1.64868551   0.74903903
 -2.12266063   0.60676360
 -2.03858716   1.38886790
 -2.24741995   0.76406718
 -1.91419010   0.05285834
 -1.61193314   1.27186824
 -2.21920995   1.23852150
 -2.19352095   1.04899243
 -1.33023879   1.08675524
 -1.54907126   1.17530883
 -2.37396999   1.05239087
 -2.62455648   1.36070045
 -1.63070984   1.38796727
 -0.89979989   2.07667852
 -1.39060871   2.08144741
 -1.65749966   1.33577339
 -2.12440915   2.06957330
 -1.43422725   1.93458912
 -1.24974721   2.38823943
 -2.20849111   1.74761030
 -1.64257655   0.84996892
 -2.02787108   2.62696839
 -1.86946941   2.97435652
 -2.30067823   2.13594902
 -1.53029714   3.91489247
 -1.30977504   3.50509193
 -0.83046592   2.35103675
 -1.30516395   3.38853958
 -1.20011593   2.32076951
 -0.62082134   2.45289470
 -0.62209429   2.55322976
 -1.02962087   3.58609096
 -1.62012797   3.89733508
 -1.72667724   4.06585980
 -1.55906257   3.23635733
 -0.56773657   3.44346831
 -0.58900049   3.98724438
 -0.94551836   3.76804580
 -0.87369178   3.23909115
 -0.40108044   3.69790258
 -1.16718617   3.16075920
 -1.57816673   3.28837057
 -2.19524227   3.71047053
 -0.85911397   3.66185727
 -1.35696425   4.46279727
 -1.19764186   3.95178462
 -1.11618251   4.22775435
 -0.45819152   3.90031019
 -0.97028779   4.37559788
 -0.11462716   3.80607243
 -0.30004620   4.27589812
 -0.81616661   3.89598110
 -1.10024203   5.19978407
 -0.04945482   4.53359554
 -1.30046628   4.80362304
 -0.36676577   4.33755034
 -0.10548672   4.18829735
 -0.15741489   3.98501499
 -0.51831856   3.82915520
  0.17797544   4.68782342
 -0.70720467   5.12113518
  0.57032733   4.36830691
 -0.17671806   4.91899645
 -0.94721636   4.99111121
  0.14970330   4.98575205
  0.79223540   3.57851837
  0.30781317   5.02462034
  0.02004227   5.04683211
 -0.08716643   4.79253536
 -0.23498764   4.69752626
  0.77655551   4.81520454
  0.71756658   4.96865690
  1.19886710   5.08158699
  1.12826123   4.03282364
  0.09073419   5.02311232
  0.53489382   5.38773262
 -0.11910740   4.76116928
  1.70190943   3.73839621
  0.37142060   4.93369531
  0.53946621   3.49967296
  0.36967078   5.45481170
  0.41684407   4.24727734
  0.20511828   4.63856412
  0.99096063   4.75221756
  1.43852937   4.25511631
  0.60654042   4.14021604
  1.36887159   4.21469984
  0.95956112   3.61441698
  0.59272684   4.15114327
  1.13147609   4.13592473
  0.99712406   3.79296867
  1.64802809   4.45587543
  1.03111734   3.82053184
  0.97625982   3.56278057
  0.88213743   3.79708090
  1.04789069   4.01073510
  0.10199319   2.86521198
  1.80880272   4.47311349
  1.35904520   3.05823217
  1.78847153   2.26899638
  2.12865055   3.00769716
  2.51616627   3.27954471
  1.95993020   2.46252945
  0.78859356   3.36450609
  1.18475933   2.88521870
  1.76134371   1.39906916
  1.62557831   3.11318423
  0.99450710   2.86578583
  1.48739624   2.01681218
  1.72629022   1.82452659
  2.38218234   1.68969767
  1.02536890   1.87601576
  1.74170283   1.79287653
  1.87742987   2.06785758
  0.91269535   1.82110252
  1.64513166   1.92525739
  1.50068883   2.17122074
  2.34704917   0.75770241
  1.56320053   1.00063968
  1.30406784   0.84586638
  2.26540560   1.59275618
  1.96667602   0.66474484
  1.87913323   0.83973875
  2.93136659   1.44269913
  2.19389839   0.67837172
  2.34333010   1.20402496
  3.16956983   0.48132141
  2.70913056   0.40556080
  1.91825273   0.42964278
  1.97049014   0.60523042
  2.01517991   0.68580597
  2.52972518   0.05915461
  0.90466323   0.47104772
  2.18402229   0.65153912
  1.35448886  -0.52887917
  1.29706095  -0.19380832
  2.01632314  -1.04143549
  2.35438250  -1.37053273
  2.00846376  -0.74059855
  1.44666895  -1.15707602
  2.42333679  -0.28302935
  1.96512136  -1.02562195
  2.58600722  -0.21679935
  2.45147213  -0.36490458
  1.81273464  -0.69150307
  2.41465162  -1.16201994
  1.54076259  -0.97269210
  1.83544370  -0.90387773
  2.38538283  -0.93558998
  1.49038455  -1.85471106
  2.06912026  -1.60713578
  1.28272160  -1.29670481
  1.90511716  -1.27584118
  2.44441376  -2.65671209
  2.97879552  -2.27854810
  2.13950650  -1.83293872
  2.17530515  -2.40940357
  0.88830707  -2.22614611
  1.98868337  -2.48270674
  1.37510766  -2.59681611
  2.29915741  -2.54506953
  1.42366618  -3.06895105
  1.43373893  -3.84404916
  1.42901757  -3.51229469
  1.46142995  -2.17216266
  1.17243046  -3.47703612
  1.31697450  -3.37699651
  2.14375477  -2.42189850
  1.02631597  -3.36163877
  0.20968516  -4.22165733
  1.72864167  -4.20815018
  1.05503010  -4.28084327
  1.60542385  -4.09671960
  1.48750007  -3.59066226
  1.27606285  -3.45048474
  1.38026460  -4.16992116
  1.34573231  -5.01395280
  1.87131404  -4.20078802
  1.26156391  -4.65483512
  0.71692111  -3.67925399
  1.12953827  -3.93084406
  1.01440507  -3.87680200
  1.08355875  -4.31379193
  1.62903477  -4.39772158
  1.19881020  -4.28681287
  0.56815737  -3.95920486
  0.08385030  -5.14244953
  0.56615764  -4.95693482
  1.14005565  -5.19307980
  0.06484696  -4.54022004
  0.68238370  -4.93003730
  0.35689051  -4.82941729
  0.59179775  -4.15937084
  0.93623840  -4.89024392
  0.15399101  -4.53654202
 -0.01808146  -4.42427707
 -0.39277348  -4.61892348
  0.31936082  -4.88401403
  0.64749770  -4.89091376
  0.17791606  -5.29051054
  0.13813056  -4.73111016
  0.27282652  -4.80924287
 -0.50772607  -6.10655402
  0.54686282  -4.84505247
 -0.10665925  -3.98119860
 -0.23010644  -4.67047061
 -0.59710869  -4.59884549
 -0.43879444  -4.25164980
 -0.75582254  -5.00830846
  0.37990221  -4.33935350
 -0.36507840  -5.24010582
 -0.16755870  -5.07269102
 -0.13996846  -4.53488260
 -0.48647194  -3.34800527
 -0.48860637  -4.38884139
  0.17093560  -4.13361955
 -0.90243863  -5.02050521
 -1.01229640  -3.89874555
 -0.95899831  -4.01669870
 -1.66808346  -3.90260629
 -0.82526765  -3.88211436
 -1.37937981  -4.48511890
 -0.85714948  -3.82479912
 -1.00672221  -3.35248069
 -1.17406737  -4.05475540
 -1.54008441  -3.07228401
 -1.23383320  -4.15301648
 -1.29671059  -3.22952609
 -0.80202263  -2.60312861
 -0.72873113  -3.40107518
 -1.23812593  -4.01083305
 -0.59926395  -3.26210323
 -1.47449391  -2.28519173
 -2.23227580  -3.14097734
 -0.67791629  -2.24755020
 -1.91464284  -2.72778025
 -1.46417372  -3.45774437
 -1.52607670  -2.60966644
 -1.07591377  -2.47202053
 -1.54426700  -2.23649370
 -1.56194539  -2.30407900
 -1.95418981  -2.19771083
 -1.18157014  -1.92327053
 -1.15029774  -1.03440558
 -1.88897403  -1.50477886
 -1.39272400  -1.20246105
 -1.66329685  -1.26596826
 -1.67571151  -0.89200904
 -1.51980355  -2.43081956
 -1.73079715  -0.50787598
 -1.76869430  -1.19612804
 -1.83807226  -1.10860738
 -0.83726258  -1.17233421
 -1.83344268  -0.17639682
 -1.67592334  -0.77572029
 -2.54408370  -1.03212263
 -1.51259374  -0.85002649
 -2.29321578  -0.03420123
 -1.47113117   0.87379187
 -2.16424202  -0.28541346
 -1.45237987  -0.35494447
 -1.82705099   0.29858204
 -2.66871139   0.13228970
 -1.87717924   1.29404542
 -1.67030196   0.70479703
 -2.50351179   0.15892340
 -1.50996693   1.05208965
 -0.89679047   1.01410834
 -1.04917860   1.06109633
 -1.88572327   1.57601381
 -1.43266144   1.30678359
 -2.17778174   1.43348809
 -2.28438802   1.68441848
 -1.42352197   1.74625247
 -2.23166318   2.01675013
 -1.80689229   2.32583141
 -1.54947532   2.34554056
 -0.89291197   1.45439633
 -1.17591481   1.05066206
 -1.83385070   2.40062394
 -0.85159213   2.35436689
 -2.24332638   3.20447234
 -1.50506121   2.44257513
 -0.31143718   3.54391446
 -1.53932811   3.17662397
 -1.91625000   2.75424833
 -1.90088341   3.07032202
 -2.25356486   2.93822718
 -1.86822107   3.32532141
 -1.35748531   2.33350078
 -1.10603752   2.17782517
  0.01418447   4.00767396
 -1.44440602   2.94302745
 -1.02413611   3.29015224
 -1.00358844   3.56997247
 -1.09047355   3.39098419
 -0.80471340   3.73550233
 -0.24951203   4.28284428
 -1.44475561   4.35752024
 -0.32510738   4.20363211
 -1.67391962   4.24311585
 -1.19692911   4.06732852
 -0.79425977   3.99021576
 -0.36864248   4.82030388
 -1.34704758   5.07629233
 -0.18074804   4.49356399
 -0.88149705   4.22187348
 -0.32017014   4.45267190
 -0.45648430   4.39139875
 -0.30018182   3.72195986
 -0.90902044   4.27579639
 -0.71994276   4.75489393
  0.47285976   4.62388882
  0.03228884   4.71480372
  0.05763614   4.49193471
 -0.01821720   4.59947240
 -0.36179927   4.80327723
  0.05197137   4.93738858
  0.86679697   4.69416918
  0.40029095   4.42623405
 -0.48169219   5.00306349
  0.49632580   4.62477927
 -0.36113949   3.80899228
  0.55799283   4.29625641
  0.09460624   4.54164285
  1.07077893   4.51659859
 -0.41513892   3.59371110
  0.13452762   4.21112382
  1.07264298   3.41861119
  1.06717160   5.28198086
  1.15113963   4.95722335
  1.19094209   3.91012013
  0.58904243   4.24131400
  1.44425069   4.43799673
  1.46183474   3.84542501
  0.09312069   4.36293334
  0.43961296   3.54617257
  0.84641260   2.76369497
  0.16546855   4.04285935
  0.70021260   3.11352390
  0.59333296   3.71647439
  1.91799849   3.38543501
  1.16878361   3.15701860
  0.88192965   3.08995254
  1.11150785   3.65202161
  1.54534772   2.55801111
  0.36943209   3.59366271
  0.59524457   2.84694819
  0.20509284   3.14041288
  1.56977314   2.83233791
  1.48828622   2.55226351
  1.65403230   2.31506463
  1.21320777   1.71022912
  1.18774279   2.58052541
  1.05412731   2.32032325
  0.84341238   1.81338853
  2.03532221   2.05617462
  0.70112770   2.18692477
  2.13368759   1.96668920
  1.90237566   1.57404285
  1.05689211   1.12712815
  0.68867155   1.20287230
  2.18535113   1.77277284
  0.63967420   1.95423157
  0.63555776   1.05910781
  1.76507408   1.52186135
  1.05920816   0.84168271
  1.94172989   0.75668996
  1.34008770   1.22617835
  0.72390288   1.09147978
  1.66023761   0.83818837
  2.15385958   0.14176981
  1.99485012   0.44546539
  1.10816872   0.37203639
  2.42362257   0.50937846
  0.00412497   0.78769177
  2.11489786   0.19314034
  1.64856698  -0.08032256
  0.87568009   0.86114329
  1.28249064   0.09389255
  0.56050844  -0.19683647
  1.51568952  -0.20429991
  1.99249250  -0.46081076
  1.13907969  -0.77295959
  1.22405729  -0.60583260
  1.69064367  -1.40101877
  1.70000188  -0.92843077
  1.86614057  -0.24659701
  1.58289802  -1.08119827
  1.44909967  -0.04876560
  1.69133597  -0.79419769
  1.33342958  -1.79267317
  2.08151485  -1.78956565
  1.16047451  -1.91085542
  1.11947139  -1.35926849
  1.67821943  -1.13259873
  1.60213443  -1.11725337
  1.64600752  -2.55080547
  2.05868585  -1.90496694
  0.82820131  -2.32492438
  1.55288070  -1.83869421
  1.48615171  -2.62320092
  1.27755595  -2.00486451
  1.27172348  -2.14056843
  1.38713257  -2.01336928
  0.63022093  -1.99160726
  2.07860354  -2.49606497
  1.64433751  -2.97154083
  0.82758419  -2.76230010
  1.25825499  -3.08941043
  0.99036235  -3.04428448
  1.15362036  -1.93807299
  0.18995735  -2.82924737
  1.59742613  -2.94557202
  1.32536384  -2.89263737
  1.05932447  -3.95019738
  1.35028655  -3.54327094
  1.25738522  -2.62080660
  1.39309254  -4.26851503
  0.91243758  -4.00025014
  0.94582101  -4.18416204
  1.32575424  -2.92706840
  1.02114557  -3.60822543
  0.61286111  -3.44020404
  0.42286523  -4.56356681
  0.81757858  -3.43965024
 -0.04040742  -4.03508603
  0.62478704  -3.19100513
  0.85081016  -4.80442068
  0.17495713  -5.09578580
  0.66114588  -4.13797734
  0.12282083  -5.62994300
  0.51125042  -5.05887367
  0.48252997  -4.25359522
  0.28291482  -4.56460292
  0.72949890  -5.67240490
  0.22692075  -4.74809798
  0.53747907  -4.82927241
  0.87466744  -4.47312709
 -0.22773972  -4.50931560
  0.43691248  -4.09186289
  0.02997930  -4.31989843
  0.60797645  -4.22890134
 -0.07531251  -4.97880978
  0.10219964  -4.89787563
  0.21650959  -5.07786730
 -0.41020836  -5.05456651
 -0.58887462  -4.53275851
 -0.30780511  -4.95446331
  0.40793036  -4.97452421
  0.11014846  -4.20229440
 -0.85399972  -4.76895440
 -0.87009545  -4.46657428
 -0.79853477  -3.71347658
  0.00165751  -3.61607491
 -1.40165016  -4.16436215
 -1.24796158  -3.85599766
 -0.42855914  -3.92592511
 -0.57433825  -3.96723611
 -1.34501990  -3.88370469
 -0.23874670  -3.59525711
 -1.35582560  -3.75298629
 -0.73494505  -3.29044636
 -0.89971840  -3.62757358
 -0.64878634  -3.41128051
 -1.82905237  -3.24301762
 -1.21454407  -3.51949552
 -0.53359668  -3.68672155
 -0.93862076  -3.99200833
 -1.73249863  -3.35598101
 -0.60789822  -2.98428445
 -2.13106701  -3.49276042
 -1.23956607  -3.25511545
 -2.47063449  -1.97688679
 -0.85554559  -2.95989111
 -1.32929236  -2.84161236
 -1.68400246  -2.33879154
 -1.90505504  -3.28894637
 -1.14073374  -1.52323503
 -1.85719000  -1.46143546
 -1.72958117  -2.29865355
 -1.67267563  -1.18332948
 -1.25107472  -1.69585700
 -1.67092272  -1.57311447
 -1.42843846  -1.85965965
 -1.78247191  -1.47821049
 -1.47345652  -0.89097850
 -1.48981452  -1.98894286
 -1.52132465  -1.36297981
 -1.13355917  -1.66067813
 -1.82603446  -1.86616520
 -1.12220241  -2.32506938
 -1.69019789  -0.37060429
 -1.50486687  -1.33438744
 -1.42082977  -1.24709373
 -3.05293893  -0.26246524
 -1.76986853   0.01794437
 -1.72836195  -0.22742028
 -1.57472452  -1.49494217
 -1.84521622   0.36458578
 -1.70444359  -0.44801435
 -1.58752715   0.12291907
 -2.24574516   0.74595083
 -2.23512759   0.02247256
 -2.00680622  -1.22959551
 -1.50145545  -0.02315440
 -2.40303926   1.00164024
 -2.22128888   0.50682137
 -2.20376629  -0.94753975
 -1.53014757  -0.32038384
 -1.59107732   1.61668884
 -1.51654992   0.08358555
 -1.97334021   0.37799193
 -2.01648259   0.69579008
 -1.90141062   0.45200911
 -2.26278282   0.29782111
 -1.15160869   1.28618712
 -1.98985993   0.61810623
 -1.51995617   0.92509196
 -2.11196451   1.61465011
 -1.14509268   1.38409636
 -0.65849811   1.80123212
 -2.06301402   1.95979491
 -1.16270181   1.25974252
 -0.71892036   1.74650599
 -1.29613202   1.05134847
 -1.78142094   2.20753317
 -1.80893739   2.31776753
 -1.31189557   2.98237037
 -1.41171165   3.35684662
 -1.24971922   2.42028864
 -1.86740474   2.65628830
 -2.59523856   2.28159353
 -2.03736558   2.46161201
 -1.67069600   3.48641400
 -0.85376934   2.30062262
 -2.02076421   2.93449805
 -0.76473963   3.57860252
 -1.21853177   2.66853853
 -0.46419075   3.89769422
 -1.05641171   3.25199500
 -1.02720465   2.85121190
 -0.71756126   2.97376859
 -0.69032216   3.19442466
 -1.90309737   4.32031545
 -0.44650309   4.50770168
 -0.78329290   2.59525677
 -1.71286213   3.54747574
 -0.59880290   3.53681321
 -0.11034394   4.30316489
 -1.22684510   4.86036121
 -0.07659490   3.47941709
 -0.50342066   4.05961357
 -0.18034851   4.75696662
  0.14441242   3.74363395
 -0.47795501   4.53597459
 -0.85251478   4.85922293
  0.96017563   4.38737731
  0.24226262   4.53310924
 -0.12205080   5.00969609
 -0.90330312   3.97994118
  0.35064610   4.62442095
 -0.19486418   3.99465139
 -0.13980878   4.91015804
 -1.01420191   4.35170572
 -0.04640594   4.63056670
 -0.44040281   5.19191302
 -0.50417475   4.89602448
  0.09279571   4.44814906
 -0.60708687   6.21411786
  0.87315233   5.60856671
 -0.73807275   4.39342245
 -0.50155487   4.87041052
  0.16066579   5.15930901
  0.94657327   5.50932519
  0.00716435   5.82631882
  0.16816490   5.07020165
  0.79892732   5.82517467
  0.98372526   4.46773282
  1.66493901   5.32761210
 -0.08742636   3.95661170
 -0.29574077   4.60538032
  0.36725505   4.17373793
  0.52950121   3.82828127
  0.62154958   5.22826402
  0.94116163   4.71532390
  0.07034492   3.77109578
  0.54085932   4.69019266
  0.77337910   3.99582401
  0.60173690   3.39563645
  1.42893964   3.07081757
  1.51182209   3.50503035
 -0.25259862   2.78500118
  0.52091128   3.38700789
  0.80566690   4.06331237
  1.68895725   4.26559783
  0.39504102   2.94566182
  0.78805184   2.60790026
  0.54293269   2.33148088
  0.82813167   3.63687080
  1.01082815   2.47213868
  1.16538092   2.90276636
  2.28954567   2.71108448
  1.13956492   2.84557372
  1.28250936   3.20021947
  1.13727356   2.74267984
  1.33486730   1.71781575
  0.95910867   3.12818207
  1.20167129   2.09947404
  2.30049685   2.17048952
  1.77200840   2.43989798
  1.80976181   2.08062206
  1.85852088   1.59633661
  1.80547743   1.34106723
  1.66265970   1.46586344
  1.95990755   1.03764396
  1.30409634   1.53661373
  1.43786160   1.67805464
  1.41468872   0.61225304
  1.38230459   0.36873830
  1.32103069  -0.28058134
  1.42641107  -0.04746271
  1.82555993  -0.27980959
  1.70364074   1.44850888
  1.36075099   0.01089673
  1.51046357   0.29057880
  2.47571646   0.41059255
  1.56258802  -0.33406825
  2.63874928   0.39010816
  2.24894198  -0.54324388
  1.84338317  -0.32847870
  1.25481397  -0.05242200
  1.38127479  -0.61022057
  2.82960315  -1.50556180
  1.78747407  -0.65397413
  0.88741743  -0.37016563
  1.70645037  -0.98767797
  1.80358091  -1.32998104
  1.05270985  -1.43652516
  1.26319987  -1.60937279
  1.44838821  -2.22243348
  1.61912201  -1.29654747
  1.82783410  -1.37536713
  1.08517442  -2.35978031
  1.62882334  -1.41854368
  2.42329047  -2.77993810
  0.85002185  -3.59258385
  2.07145163  -2.52946511
  2.03579258  -2.70884695
  1.33531763  -2.16489398
  1.10175865  -3.23887765
  1.71754740  -2.61783152
  2.50513980  -3.17188045
  2.02168538  -1.84883764
  1.23247907  -2.08136621
  0.54273290  -2.63929029
  1.19590223  -2.76932461
  2.12188086  -3.42798680
  0.95687293  -2.40692254
  1.39786727  -3.14471947
  0.86518395  -3.31133802
  1.11628008  -2.91408796
  0.87434885  -2.59028045
  1.97774013  -3.05875661
  1.55133073  -3.12358320
  1.72739230  -2.94440921
  0.63401037  -3.21569658
 -0.49974580  -4.05435792
  1.26284400  -2.90861371
  0.57953170  -3.53395815
  0.87593151  -5.03859668
  0.87976834  -2.89976224
  0.66462553  -4.37820567
  0.73874997  -3.32486145
  0.17216646  -4.84907126
  0.57700759  -5.16962139
  0.54201893  -4.13048149
  0.70328215  -4.59432280
  0.22384229  -5.98398386
  0.15841050  -4.27267508
  0.75676418  -4.63678147
  0.35814311  -4.04995313
 -0.43393954  -3.97421240
  0.01952594  -3.80194899
 -0.22504960  -5.03094335
  0.00568124  -4.29181889
  0.90209466  -4.96650307
 -1.00042447  -4.41531308
  0.68874054  -3.57578086
  0.96290964  -4.59658046
 -0.16402095  -4.18570780
 -0.45821883  -5.39130038
 -0.89884401  -4.07081376
  0.58008670  -5.21593812
 -0.36534285  -5.09722218
 -1.21727685  -4.91255213
 -1.08547022  -4.50387079
 -0.82219943  -4.98527721
 -0.14232983  -5.02942667
  0.29489822  -5.76371447
 -1.01386570  -5.65411234
 -1.36035568  -4.08910644
 -0.21730807  -5.35646222
 -0.62368016  -4.25136921
 -0.84721876  -3.70038849
 -0.39673577  -4.78022271
 -0.29026965  -3.38496899
 -0.11479890  -3.88862517
 -1.50701610  -3.65766895
 -0.75431363  -4.08941858
 -1.24270988  -4.48617543
 -1.60221869  -3.86826522
 -1.31584966  -4.26714324
 -0.84346131  -4.77211940
 -0.93039311  -3.77372209
 -1.64347378  -3.93654183
 -0.69181638  -2.84710452
 -1.54020588  -3.37615611
 -1.60347804  -2.77709936
 -1.76324021  -2.63384172
 -0.78724669  -2.35536490
 -1.43079048  -2.81107941
 -1.42719915  -1.63236632
 -1.07728187  -2.57595177
 -0.97057289  -2.54741456
 -1.81484905  -3.26501659
 -1.23340709  -1.63717083
 -1.57060730  -2.52167661
 -1.13155983  -2.20697250
 -1.59364730  -1.50810283
 -1.36540458  -2.32035592
 -0.83687086  -1.64293454
 -1.39232854  -0.96845872
 -0.39373505  -1.64232428
 -1.29647165  -1.34640577
 -2.17714473  -2.52202699
 -2.29938326  -1.83057246
 -1.87379776  -0.44021893
 -2.38136736  -1.47288069
 -1.58725465  -1.13470551
 -2.14304623  -1.56390400
 -1.91367913  -1.16036461
 -2.06960210  -0.97772274
 -2.16259025  -0.91700037
 -1.90276446  -0.22733803
 -0.99108364  -0.32082892
 -1.43074934   0.08350976
 -2.23321382   0.14637012
 -3.03382047   0.21847726
 -1.30945187   0.45688747
 -0.79944370  -0.92216708
 -1.44992848   0.15742990
 -1.51825505   0.08928726
 -1.04262189   0.21696056
 -2.07622607   1.17169034
 -1.78274063   0.71365747
 -1.55550794  -0.14438043
 -2.19034768   0.21251706
 -1.68010069   1.18618248
 -1.43436014   1.20014605
 -2.20789846   1.08030029
 -0.75805111   0.76083231
 -1.14083455   0.22747327
 -1.80309294   1.73155446
 -0.37242244   1.30952157
 -1.99409862   1.69202707
 -1.81538700   2.48317116
 -1.41393761   1.65101445
 -1.75986008   2.33334889
 -1.16896221   0.90319647
 -0.90570319   1.86539717
 -1.53026098   2.20680591
 -1.91073607   2.41322346
 -1.29735491   3.24670229
 -1.46656300   2.45466035
 -1.07749468   2.80914626
 -1.77820743   3.17122356
 -1.46588203   3.64643246
 -1.41878132   2.67207276
 -0.75770618   3.35303616
 -0.31473915   3.06449274
 -0.98609845   2.99470793
 -1.79101487   3.26391529
 -1.41040405   3.64567179
 -1.87989035   3.86202055
 -0.90849680   2.55643666
 -1.11505904   4.14198308
 -1.28392377   3.94076641
 -0.58136379   3.69964653
 -0.64169748   4.27775640
  0.04034363   3.96841678
 -0.24255219   3.19145649
 -0.92327009   3.90496225
 -0.07846964   4.19115016
 -1.13969654   4.02333700
 -0.62532876   3.55025481
 -0.18595186   5.26018579
 -0.93431560   4.63707849
 -0.93675709   4.09553157
  0.44485123   4.25753235
 -1.33711838   4.01843866
 -0.69188691   4.38362134
 -0.43462075   4.70567161
 -0.71214783   4.30769793
 -0.30508427   4.46720187
 -0.91478040   4.83745940
 -0.38299040   5.67359443
  0.43284702   4.77878434
  0.12270046   5.64480173
  0.32456976   4.56563376
 -0.26926923   4.23812073
  0.77653288   4.27341928
 -0.19861514   3.61766455
 -0.19465884   3.86348960
 -0.57976360   4.90760012
  0.73507886   4.45567403
 -0.36610588   4.23826159
  0.04483338   4.95773129
 -0.21755632   4.48019995
  0.29820048   5.38374754
 -0.49447231   4.93447964
  0.57654692   4.23439489
 -0.07377112   3.90942042
  0.13868472   3.43306182
 -0.23968099   4.35186245
 -0.39809048   4.42820551
  1.04602978   3.85909343
  1.10418620   3.21672306
  1.45103263   4.77191666
  0.70691787   3.92543830
  0.22887526   3.32983009
  0.32497763   3.89222824
  1.82489631   4.49700705
  0.56683151   4.64204177
  0.85611185   2.55733021
  0.30976199   3.27527653
  1.10899906   3.30982544
  0.33622188   3.63839553
  0.76315605   3.12241833
  0.05643824   3.75605973
  1.99853218   4.44311014
  0.62843068   2.82456655
  1.19081194   3.42675241
  1.55834647   2.79110848
  0.95934686   3.70762056
  1.69603655   3.01499132
  0.41971568   2.54753281
  1.54887159   2.74525413
  1.80153459   1.40619224
  1.66502737   1.59119936
  1.46234273   2.48521089
  1.76193606   1.98301220
  0.72546917   1.43657030
  1.44644639   2.22948832
  0.79466718   2.72234815
  1.62693779   1.27068255
  1.38045050   1.09133516
  0.98872436   0.99948737
  2.45688302   2.00171593
  0.89095208   0.87005823
  1.93101160   0.39911750
  1.92320974   0.25203048
  1.15697750   1.33775477
  1.94033712   0.85037069
  1.87332350   1.11455477
  1.72108810   1.20565349
  1.05204244   0.35371555
  1.98859226   0.55609791
  2.12285829   1.41867999
  1.39468285   0.22203290
  2.13189975   0.52838795
  1.77344386   0.58805302
  1.99109555  -0.38208518
  1.56892231  -0.29333005
  2.15797880  -0.54512850
  2.28254942   0.17591571
  1.14855141  -1.85398761
  1.48949177  -0.92119793
  2.16664731  -0.11422848
  0.42662983  -1.98313848
  1.54938205  -1.72593463
  1.55336795  -0.77599386
  2.00420589  -0.74290302
  1.57468849  -0.93106331
  1.69193355  -2.29947239
  1.22029881  -1.90662413
  2.03694073  -1.66102319
  2.20259675  -1.16284471
  1.18901847  -1.57025479
  1.43641693  -1.58732075
  0.89017189  -1.73077350
  1.23283747  -1.44647049
  1.25598585  -2.84426680
  1.01762900  -1.32822480
  1.79280280  -1.90706016
  1.00185810  -2.58121154
  0.73218932  -1.68670275
  1.96506133  -2.05378041
  1.22830538  -1.52489538
  1.25401039  -2.61036770
  2.02785001  -2.09585060
  0.60359325  -3.08629579
  1.63143200  -3.92559286
  1.98636336  -2.42185602
  1.89850893  -2.98015707
  0.99852743  -3.60749795
  1.17508139  -3.85033786
  1.06388437  -3.39332289
  0.60932838  -3.51258567
  0.94565929  -3.70121493
  1.00926278  -2.93591355
  1.69834878  -3.66769730
  0.91506688  -3.61483477
  1.48790933  -2.61651034
  0.58158892  -3.93406526
  1.37067931  -3.78020046
  0.48094374  -4.12013863
  0.67759207  -4.48590421
  1.41160989  -4.46547339
  0.26888119  -3.68872827
  1.40733437  -3.74662084
  1.14006361  -4.72308393
  0.59318606  -4.18888790
  0.57291320  -4.52555778
 -0.14216215  -3.71740058
  0.35368074  -3.70168460
  0.71736885  -3.71416614
  0.43948991  -3.52906140
  0.24640000  -3.30205836
 -0.32348418  -4.06081343
 -0.06188219  -5.27032995
  0.60136045  -4.42381795
 -0.63999220  -4.41082073
  0.75616693  -4.98503886
  0.50869307  -4.31806758
  0.84159821  -5.04958886
  0.02248787  -4.01716288
 -0.25076524  -4.90395986
 -0.78351934  -5.48570473
 -0.32742093  -4.55104310
  0.10445798  -4.04620812
 -0.34645300  -4.39415223
 -1.09075811  -4.40024610
 -0.96961169  -3.50616107
  0.68389025  -4.60993854
 -0.46603301  -4.56394689
 -0.93578938  -4.66774477
 -1.05841154  -4.01371529
 -1.24219020  -4.05036390
 -1.48405909  -3.42973957
 -0.20748971  -3.81906287
 -0.50856543  -5.03219496
 -1.53031704  -4.51668239
  0.11019761  -4.53479302
 -0.92912707  -4.07647068
 -1.61744612  -4.44007783
  0.38535041  -3.18721235
 -0.97599138  -3.04079139
 -0.73658178  -3.20809305
 -0.38370611  -3.89558140
 -0.70412562  -3.67843279
 -0.71290386  -2.59923887
 -0.90114192  -2.95487723
 -1.57812033  -2.98011277
 -1.82882160  -3.12393214
 -1.15431259  -2.82167445
 -1.74071053  -1.20616284
 -1.48660775  -2.40238458
 -1.43354250  -1.70392720
 -1.54882598  -2.40584871
 -1.02239435  -1.65067077
 -1.88876616  -2.09135130
 -0.89486022  -1.28518694
 -0.94784444  -1.06133961
 -1.31384043  -1.47187093
 -0.55070770  -1.49042732
 -1.35434883  -1.56557027
 -0.85000903  -1.04676227
 -2.21869626  -1.04323772
 -1.66133891  -1.20554073
 -0.82086413  -0.81757774
 -1.96595542  -0.78638742
 -1.86339105  -0.72874925
 -1.34736035  -0.97050833
 -2.29824522   0.68657722
 -0.55976160  -1.13215143
 -1.26384498   0.56480020
 -1.62422438  -0.98747891
 -1.88403428  -0.29598738
 -2.41954991  -0.15319186
 -1.97757856  -0.06946021
 -1.79699533   0.21760065
 -1.57238694   0.25401860
