3.944050 4.320770 4.985157
5.511991 5.206612 5.636437
5.667899 6.804047 4.779555
6.040554 8.221871 6.021371
5.203965 10.402227 5.760885
5.417161 10.669889 5.916496
5.929452 11.864123 5.741767
6.793926 12.587536 7.797408
7.586339 15.546425 8.732595
8.096122 15.408194 8.891943
8.770150 17.560351 9.989667
9.755413 19.321270 11.636519
10.087704 20.179979 12.544016
12.061286 22.182463 14.740897
12.111149 23.127069 17.150830
14.071567 23.570687 19.631874
15.340739 25.125925 21.129672
14.732407 25.831472 24.586706
16.261595 27.235021 28.232994
17.573101 25.589747 31.905714
18.766543 25.466632 34.882645
18.175383 22.731400 39.770736
19.783403 21.218051 42.662803
20.269122 18.599381 44.557847
19.928623 14.208055 48.140604
19.189495 10.147046 49.453448
17.647865 4.407386 50.683231
16.843947 1.559524 50.434673
15.120703 -2.592791 49.155679
12.990661 -5.652402 46.457912
12.645070 -8.715526 45.710307
10.059718 -10.363358 43.356917
7.480919 -11.480927 41.899064
6.015587 -12.427616 39.566402
3.911819 -12.851050 37.476229
2.363914 -13.949234 36.316183
0.869623 -13.895500 35.077691
-0.226688 -13.076216 34.588831
-3.165802 -13.483834 32.611563
-2.552351 -13.223784 31.639951
-3.882958 -12.271568 31.102680
-5.162994 -12.602800 30.463538
-5.357998 -12.800879 31.112321
-5.433859 -11.719842 29.280470
-6.518836 -12.294319 30.904182
-7.584437 -10.962914 30.172688
-6.602718 -11.028156 29.705418
-8.836699 -10.257699 30.322136
-8.217702 -10.415182 31.098005
-8.322050 -10.217894 30.845961
-9.033867 -9.556886 30.446269
-8.305096 -9.850226 30.952833
-9.242631 -9.450639 30.520397
-9.171691 -7.421373 30.976803
-8.445355 -8.142566 30.060972
-8.813534 -7.774193 29.962073
-8.175461 -6.974812 31.142383
-8.369717 -7.634692 29.430257
-9.160443 -7.455004 29.827689
-9.164657 -6.097939 29.187852
-7.499603 -7.035221 29.349357
-7.958616 -5.446607 29.270498
-6.960730 -6.424801 30.100649
-7.891013 -5.572610 27.728348
-7.998800 -5.592743 28.123805
-6.826447 -6.636497 28.795608
-6.885564 -5.893484 28.449754
-6.337869 -6.055343 27.576225
-6.763237 -6.071112 27.644929
-6.460543 -5.968368 26.565299
-5.827285 -6.122235 27.617895
-6.453063 -5.866751 26.524894
-6.248265 -5.067556 26.396173
-5.687999 -6.067149 26.281844
-6.253342 -5.636763 26.390136
-6.649121 -5.925579 26.190771
-5.240178 -6.207848 25.647640
-6.576942 -5.597070 24.618551
-7.161088 -6.507046 24.565184
-6.387862 -6.278455 24.227384
-7.108593 -7.498923 24.174153
-6.793714 -6.443981 22.473455
-5.841682 -6.706831 22.941886
-6.502931 -6.656505 25.058331
-6.156500 -7.311644 23.078474
-6.459133 -7.219983 23.522922
-6.664519 -8.004732 23.166332
-6.700443 -8.065609 22.788596
-6.907419 -8.473254 22.874436
-6.927205 -9.780082 23.477513
-6.712975 -9.228541 23.010938
-7.464027 -10.517994 23.330051
-8.674031 -10.018782 23.075651
-8.374389 -11.115253 23.252322
-8.887175 -11.155904 22.953167
-8.459034 -10.527081 23.428514
-8.420485 -11.207202 23.893320
-8.601167 -11.800031 24.145045
-9.084466 -11.389843 24.629620
-10.023419 -12.833676 25.356806
-9.591457 -12.192225 25.538866
-9.869086 -12.473554 25.963339
-11.462005 -12.250523 26.226985
-10.314453 -12.525971 25.769678
-10.083621 -12.417697 27.685342
-11.218170 -12.151081 28.032483
-10.088940 -11.677250 28.659890
-10.297475 -11.604519 28.064542
-11.798089 -11.116126 29.897659
-11.266088 -11.327752 29.263573
-11.821106 -11.250347 30.461753
-11.278699 -10.916781 30.464404
-11.250652 -11.034789 31.296955
-10.858413 -10.027791 32.428523
-11.041223 -10.032414 32.568629
-10.536897 -8.644605 33.010810
-11.055623 -8.327683 32.266810
-10.191622 -7.821695 32.929539
-10.364220 -7.763435 32.644615
-9.358379 -6.312884 32.249878
-9.327663 -5.807835 32.684243
-8.416694 -5.205859 32.562103
-8.973787 -4.410341 30.503903
-7.597143 -5.121984 30.611277
-8.366197 -4.582758 29.928364
-7.204849 -4.008636 29.568443
-7.183948 -4.175331 29.245294
-7.090770 -3.846469 29.552506
-6.761540 -3.094318 27.908336
-6.979427 -3.613289 28.489526
-6.869094 -2.874255 27.715704
-6.325374 -3.388086 26.658289
-5.597104 -3.907840 26.290798
-5.452986 -3.592858 26.245644
-5.861362 -3.969030 25.450386
-5.952751 -4.013037 24.339602
-5.336737 -3.809125 23.807612
-5.183068 -4.557817 23.441064
-4.735556 -3.289317 22.784719
-4.058726 -5.446866 22.569066
-4.461510 -5.762064 21.897567
-4.292878 -5.479207 22.890375
-4.509327 -5.357760 22.498011
-4.396694 -4.685817 21.350626
-5.690315 -5.921900 20.575540
-4.715734 -5.714607 19.781400
-4.551540 -5.993720 20.158542
-4.701632 -7.513077 20.584077
-4.931413 -7.166064 19.773444
-5.454541 -7.304541 20.004584
-5.426283 -6.765466 19.473031
-5.083928 -8.390506 19.843559
-6.179928 -8.493419 20.107015
-7.740718 -9.285193 19.141427
-7.304260 -8.856831 19.842695
-7.312446 -10.053325 19.350521
-7.129269 -10.073761 19.807224
-8.410575 -11.657491 20.151976
-8.758220 -11.807768 20.031563
-7.646825 -10.823292 21.840813
-8.608227 -11.339110 21.972584
-8.940683 -12.704203 22.357817
-9.809553 -12.128396 22.957830
-10.636599 -13.316955 23.376116
-10.583015 -13.433100 24.773552
-11.110322 -14.768045 24.948238
-11.513976 -13.903986 27.668762
-12.165498 -13.796079 26.596147
-12.190981 -14.063427 27.697380
-11.901310 -14.567882 28.231095
-12.460210 -13.581205 29.437064
-10.999751 -13.703275 30.786788
-12.625252 -13.252328 31.391522
-12.615256 -12.119123 32.230824
-12.633040 -12.508799 32.952490
-13.525990 -11.711338 32.083601
-11.954518 -10.540892 34.337784
-12.476047 -9.602748 34.608337
-12.221649 -8.145906 34.908050
-11.462827 -8.067794 34.373539
-11.410169 -6.641734 34.767499
-10.022930 -6.100273 34.423471
-11.065080 -4.920913 34.798514
-9.380717 -4.424213 34.061986
-9.430389 -3.919263 33.110309
-9.236660 -4.461534 32.496145
-9.364612 -3.325696 31.775535
-6.599604 -3.134443 32.459789
-6.404010 -2.682672 31.025049
-6.583701 -1.915348 30.605924
-5.748794 -1.937908 29.731113
-4.703798 -1.705564 29.830599
-4.504791 -3.158129 27.920136
-5.621094 -1.867754 27.013609
-3.517543 -2.260180 26.467445
-3.906932 -0.827560 26.548760
-4.415378 -1.571889 24.652051
-4.232328 -1.478378 24.792757
-3.406454 -1.170670 23.822723
-4.127092 -1.979759 22.577794
-3.316927 -1.377830 22.875606
-2.763066 -1.274983 22.392704
-2.382270 -1.712346 21.250957
-2.833445 -1.797030 21.412329
-3.146368 -2.058105 19.677396
-3.149906 -2.068158 20.656250
-2.742744 -2.790041 18.929587
-2.629463 -2.697282 18.363920
-2.642371 -2.130067 19.212927
-3.480687 -3.757334 18.101899
-2.732897 -3.036186 18.039077
-3.455119 -3.722340 17.456248
-2.968687 -3.325568 18.189594
-3.531261 -4.707020 16.300768
-4.270788 -4.344649 16.889694
-2.991780 -5.332634 15.695034
-3.140170 -5.370340 16.536192
-3.851363 -5.759542 15.317376
-3.339831 -6.787655 16.258830
-3.961467 -6.009241 16.666918
-3.538283 -6.334887 16.321242
-4.711467 -7.000905 15.140263
-5.532954 -7.076562 14.684307
-5.826039 -8.065280 14.527529
-5.213661 -8.395482 14.861003
-6.073004 -9.878355 15.364176
-6.158827 -10.235826 15.508904
-6.002903 -9.777232 16.255463
-6.745306 -12.548305 16.521602
-6.993711 -13.037020 16.318010
-8.967070 -13.075870 17.425681
-8.533373 -14.593113 17.936095
-8.601216 -13.679596 18.739460
-9.751756 -14.829614 18.785072
-10.854411 -15.647976 19.895985
-10.912194 -16.213013 21.029961
-11.620388 -17.144910 22.538671
-12.343789 -17.817581 23.481094
-12.670444 -18.084393 25.008280
-12.399281 -18.417257 26.296055
-13.509029 -17.288612 28.623973
-14.111707 -18.427489 29.555553
-13.827476 -16.996204 31.771730
-14.095478 -16.933747 32.873043
-15.305895 -16.888356 33.482711
-15.192224 -14.352575 36.367702
-15.563395 -13.828787 37.674393
-15.216760 -11.284391 39.187275
-13.985352 -9.839529 39.225911
-13.340087 -7.679614 39.965184
-13.330960 -6.130226 39.184553
-13.101626 -5.323559 39.674411
-12.598686 -4.092487 40.217283
-10.805964 -2.617985 38.552262
-10.143187 -1.138921 39.427014
-9.397924 0.070212 37.142219
-8.888403 1.205108 37.256371
-8.474765 1.597344 35.169581
-6.675255 1.582681 34.505285
-5.449823 1.891687 33.231908
-3.258936 2.371739 32.341211
-4.315986 3.199747 30.257699
-4.225783 2.277345 30.647278
-3.865850 2.769419 28.452132
-2.168656 3.406540 29.108986
-2.522146 1.840416 27.693760
-0.369970 2.244859 27.639239
-0.996452 2.639803 25.821135
-0.608876 2.066101 24.730254
-1.021734 1.674694 23.822126
0.404169 1.675304 23.262393
0.351511 2.386928 22.490005
0.051555 1.290485 22.144782
0.967280 1.839747 21.577898
1.088293 1.729228 21.796645
0.909332 1.488092 19.471565
0.525101 2.669714 18.936562
-0.021571 1.905614 19.882996
1.511624 2.743194 18.517488
1.557924 3.360298 18.192026
1.648526 1.853282 18.407862
2.197866 2.526815 17.756833
1.814872 2.972872 16.475259
2.435090 3.310727 16.654768
1.885029 3.615431 16.089250
1.419358 4.301723 15.788055
1.728645 3.576013 15.074731
2.125065 4.225984 14.214989
3.207361 4.277720 13.780570
2.777973 5.836165 14.477323
3.985988 5.098783 13.976118
3.264864 5.378222 13.611295
3.629037 6.637574 14.033437
4.414810 6.093381 14.016741
4.364770 7.119037 13.977232
4.401156 9.362267 14.864424
4.892159 8.008895 13.811545
5.044359 8.895818 12.905606
5.614307 9.824974 14.217419
5.355301 9.182566 14.050437
6.509262 11.107855 14.047828
6.864579 11.768044 14.541620
8.051931 12.927902 15.054996
6.917413 12.782854 15.897342
8.745872 14.075831 16.362530
9.108543 15.706596 16.897729
8.407841 15.034576 17.417403
9.685651 16.724763 19.245884
10.844545 17.717414 20.026094
11.892029 17.886383 21.265442
12.579005 18.679593 21.989093
12.075952 18.666898 24.510314
13.841497 19.249931 25.566613
13.917903 19.423663 28.075762
14.116761 18.810734 28.997813
15.056053 18.374847 31.503077
14.696994 17.879330 33.822764
15.755840 16.687305 34.951505
15.528996 14.758583 37.217675
14.993603 13.900063 38.065298
15.929061 12.392504 39.132641
14.871117 10.385767 40.853973
13.319466 8.133299 39.912719
13.025190 7.355404 40.184427
12.623443 5.584467 40.491048
12.434867 3.224342 39.470139
11.879740 2.606219 39.307806
10.447339 0.044362 38.053530
10.333572 0.357478 37.994554
8.841441 -1.844724 36.178122
7.126672 -2.805628 35.361785
6.961484 -2.277488 33.727998
5.774541 -3.130622 33.619908
4.988058 -3.684869 32.162477
4.555297 -2.757333 30.539837
3.658552 -2.691424 30.802618
2.720295 -3.217317 29.386227
2.019987 -3.303928 28.627662
2.066770 -2.638144 28.356789
1.280465 -3.279765 27.460894
0.573147 -2.939941 25.631649
-0.103923 -3.505975 25.657281
-0.086978 -2.412154 25.346599
-0.054880 -3.207621 24.072354
-0.992355 -2.887988 24.251507
0.197990 -2.572157 22.865493
-0.865143 -2.131774 23.150807
-2.004363 -3.104831 21.476284
-1.487868 -3.383297 20.798031
-1.080187 -3.811665 20.941412
-0.982168 -3.259006 19.935247
-2.294463 -3.226759 20.007999
-2.380607 -3.585890 19.880991
-1.943751 -3.550697 19.504066
-2.248858 -3.848545 17.379854
-2.037278 -4.453464 17.385008
-2.618383 -3.243405 16.710508
-2.316436 -3.799349 16.645602
-2.382134 -4.445891 17.223602
-2.650877 -4.859405 17.181663
-3.245070 -3.854411 16.145751
-3.745423 -5.052276 16.218505
-3.277262 -5.612082 15.463517
-4.237312 -5.742642 15.259668
-3.935795 -6.417199 15.754643
-4.670379 -6.783398 14.974122
-4.442780 -6.505448 14.837842
-4.275202 -7.621391 15.065880
-4.940987 -7.616194 14.734354
-5.211420 -8.565170 15.268907
-5.951668 -9.190527 14.336834
-6.360500 -9.036423 15.102093
-6.828685 -10.512343 14.829269
-7.436495 -11.271448 15.310217
-6.817357 -12.797450 16.031786
-7.772908 -12.294776 16.482650
-8.593599 -14.114683 17.234763
-9.009400 -13.662204 18.095327
-9.578334 -14.429814 19.295048
-9.166120 -15.783275 20.853145
-9.191032 -16.712790 20.683942
-11.717106 -17.101724 21.790863
-10.651058 -17.614348 23.112307
-12.745085 -18.534256 22.726672
-12.455778 -17.559413 25.924327
-13.700545 -17.567119 27.400203
-13.874557 -18.344591 27.662569
-13.813641 -17.144315 30.862142
-14.457572 -17.917817 32.149600
-14.885358 -16.255836 34.861848
-15.011778 -15.494486 35.886227
-15.509099 -14.152468 36.382648
-16.135485 -12.866674 37.925856
-15.440027 -10.740243 38.738088
-13.004321 -8.450618 39.554827
-14.079653 -7.189335 40.283645
-12.983193 -5.895409 40.064910
-12.412838 -4.488089 39.587406
-11.818518 -3.122312 39.569315
-10.973501 -0.954516 37.792924
-9.925603 0.483014 37.798787
-8.653750 0.719553 36.265378
-8.994000 2.249385 35.627210
-6.030864 2.638020 35.034153
-5.622096 2.626553 33.619947
-4.939903 3.018153 32.624433
-4.052837 2.471560 31.693260
-3.957755 4.220550 30.169262
-3.523072 2.876711 29.267173
-2.887190 4.085539 28.676067
-1.704687 1.891863 27.442051
-0.778057 3.702806 27.246521
-0.430109 3.962824 25.648043
-0.287540 3.617362 24.651726
0.606560 4.128347 24.283532
0.630938 3.588813 23.587202
0.586010 3.189846 23.825166
1.564198 2.725136 23.368524
1.498537 3.982820 22.391081
1.539759 2.103558 20.759018
2.566227 3.359764 21.843548
2.555512 2.594860 20.053800
1.864784 3.181693 20.318290
2.118902 3.718479 19.437983
2.347541 3.770807 19.823796
1.963381 3.691303 18.502557
2.959325 4.710618 18.016851
3.402325 4.322002 18.701892
3.648745 5.600838 18.729281
3.713221 4.425771 18.314114
3.400595 5.520940 17.644747
3.421542 6.576466 17.467383
4.187950 6.207770 16.125508
4.411723 6.949945 16.895798
3.981931 7.426796 17.220040
4.471837 7.653663 16.106802
4.971455 8.654990 16.572439
4.546899 8.235623 15.067402
5.062462 9.268943 16.038446
5.721747 9.582349 16.917109
5.811790 10.755601 16.854985
6.709800 10.894551 17.425032
8.036921 12.999900 17.190159
8.412084 12.974306 18.226891
9.154495 14.408451 18.726798
7.791280 13.585038 19.619789
9.085511 15.135984 19.763361
9.852156 15.892130 20.617339
11.503082 16.471942 21.280040
11.529994 16.956678 22.020985
10.874023 17.401668 25.092550
11.377522 18.834932 26.186956
13.763316 18.130546 27.010155
12.643182 17.049327 28.914576
13.340390 17.711726 30.072547
13.553330 16.289244 31.991241
14.386400 15.134505 33.192011
13.925116 15.067165 35.694823
14.946902 14.031073 36.306954
14.667452 13.051462 37.381321
14.330088 10.742435 37.626772
14.705593 8.626585 38.862992
14.204721 8.032168 38.137004
13.167947 6.779636 39.324391
13.092917 4.031041 38.803992
12.183506 3.521632 39.049133
11.252784 1.530401 36.985452
10.432858 1.761619 37.175198
9.588125 -0.589870 34.288478
8.462709 0.298022 34.573118
7.036995 -1.922801 34.058525
7.049578 -1.302990 33.147890
5.742030 -1.608831 31.699283
4.541486 -1.711621 30.590338
4.219978 -2.602875 30.456426
2.539093 -3.192987 27.832291
2.765895 -1.531952 27.458141
2.933687 -2.718127 26.900666
1.699248 -1.462066 26.973644
1.391518 -1.932779 25.862949
1.279794 -2.646617 24.414037
1.157628 -1.294098 24.618262
0.954548 -0.824590 23.806908
0.412162 -1.499744 24.211793
0.433036 -0.580478 22.680673
-0.305781 -1.981399 22.169552
0.626893 -1.245668 20.928794
0.623874 -1.184578 20.940679
0.331550 -1.186425 20.312146
0.316966 -0.451708 19.167024
0.162554 -1.866467 18.842521
-0.084256 -1.188164 18.589831
-0.130084 -1.422945 18.019971
-0.353417 -1.549953 17.241060
0.093735 -1.514920 17.469894
-1.513735 -1.490502 17.188913
-0.824386 -0.567977 16.459819
-0.952698 -1.136814 16.026982
-0.518921 -2.148321 16.238530
-1.596568 -1.487402 15.496820
-0.653177 -1.960187 15.514842
-1.961642 -1.907571 15.488309
-1.241290 -2.052713 14.099445
-2.027868 -2.171438 13.493788
-2.148558 -1.976043 13.437006
-1.521245 -2.410299 13.136476
-1.794273 -2.852194 13.100823
-1.160036 -0.964560 12.791091
-2.099176 -2.664998 12.353239
-2.085367 -2.844463 12.105933
-1.257213 -3.155461 10.812487
-2.598350 -3.590690 10.952931
-4.261780 -3.370209 10.764410
-1.926051 -4.107647 10.785066
-2.990616 -3.868794 9.682934
-2.535024 -4.856859 10.426377
-3.067072 -5.635110 8.685138
-3.571544 -5.707979 10.810128
-3.363065 -6.214163 9.777246
-3.690940 -7.093245 8.697748
-3.436346 -6.897328 10.429195
-4.303074 -7.375813 9.652464
-5.086115 -8.584963 10.110733
-5.061830 -10.138877 10.600969
-5.858399 -10.392210 10.018567
-5.681027 -10.817767 9.802101
-5.352791 -12.230562 11.041297
-6.225884 -12.945002 11.661516
-8.438165 -13.694100 11.471843
-7.606641 -14.324527 12.807472
-9.503447 -16.192624 12.845676
-9.928941 -17.753540 14.603863
-11.056904 -18.498226 16.555032
-11.051731 -19.812558 17.970733
-12.639347 -20.745352 19.802186
-13.886919 -21.835457 22.272432
-13.623621 -21.849211 24.515086
-15.072170 -22.395923 26.877680
-15.768983 -22.983853 28.881850
-16.804452 -21.223118 32.354859
-17.816639 -21.629515 34.519971
-16.653588 -21.117359 37.987384
-18.147141 -18.029695 40.797627
-18.184676 -15.197986 42.413156
-17.338975 -12.666993 43.278167
-17.717968 -9.576009 45.488998
-16.959336 -7.088572 44.835381
-15.052666 -4.000277 45.100549
-15.185841 -1.756611 44.457577
-13.342411 2.004642 42.782417
-11.923601 3.080539 41.457211
-9.274947 4.944564 40.654765
-9.148587 5.751808 39.137409
-7.266378 6.647483 37.831460
-5.886251 7.987287 36.026140
-5.423698 7.621025 34.324029
-2.805005 7.860784 33.586528
-2.704849 7.202438 32.090034
-0.777322 7.691136 31.353134
-0.015667 8.388805 29.966979
0.119510 7.742099 28.739250
1.552127 7.873973 28.779127
2.125115 8.399037 27.468573
1.943118 7.718457 26.655897
3.370044 8.147002 26.666633
3.548300 8.260397 25.320021
3.645276 7.392549 25.452605
3.743824 7.814586 24.207247
4.544310 7.626518 24.315514
4.143211 8.205877 23.571916
5.260433 7.876467 24.069465
6.391980 8.166631 23.377246
5.734040 7.134216 22.810874
6.007730 8.300049 22.731595
5.633538 8.406179 22.970768
6.457438 8.407694 23.526536
7.453689 9.695220 23.480181
6.317019 8.491580 23.577355
7.636084 9.493121 23.087062
7.334583 9.663471 23.592443
8.126259 10.321003 23.487505
7.462473 9.873637 24.113434
8.084452 10.292543 23.732555
8.240505 10.283311 24.368895
7.874737 11.363308 24.074837
8.307120 11.452249 23.756186
9.104720 11.587271 24.791252
9.585571 11.326722 24.634937
8.878691 12.118825 24.861686
9.038491 10.781741 25.538080
10.189353 11.598729 26.475646
10.310827 11.402078 26.247588
9.791085 11.623612 27.041429
10.660773 11.582553 28.149787
10.053848 12.424204 28.376167
10.933323 11.768805 28.186334
10.981103 11.462031 28.907178
11.491878 10.936768 29.330871
11.058073 10.568932 29.468984
10.783482 10.680707 30.011702
10.857089 10.876210 31.649163
10.377066 9.822530 31.885330
11.427940 9.667505 31.873332
10.848262 9.324283 31.175390
10.263840 8.588987 31.262242
10.331373 9.453813 31.948859
10.590398 8.756783 31.064620
9.842251 7.348366 31.411115
9.851082 6.686594 30.942525
10.144921 6.203837 31.706430
9.203431 6.376352 30.909339
9.135043 5.491815 30.552005
8.317114 5.791590 30.785522
8.233827 5.661164 29.581995
7.867408 4.608796 28.852622
7.799677 3.957619 30.065480
7.003518 4.178459 28.746073
6.650838 4.374550 29.115541
6.995233 4.452204 27.874503
6.993227 3.250389 27.429975
6.902115 3.615884 27.333454
5.874617 4.066183 27.311021
5.989203 4.229739 26.859829
6.017408 2.934021 25.820663
5.119690 3.533154 24.633228
5.417412 3.006073 26.017048
5.254063 4.306748 24.099778
4.771729 3.765403 23.940372
5.706580 4.564243 23.703314
5.227978 4.757324 22.402441
4.873778 4.777315 21.910565
4.221026 4.824486 23.010790
5.133175 4.695704 21.980540
4.511544 5.516528 21.368055
4.693964 5.868774 20.065507
4.424278 7.175026 20.314922
4.522107 6.802406 20.166512
4.909404 6.838414 20.623790
4.342572 8.353818 20.141319
4.868136 8.961772 19.471222
6.567925 7.886701 18.916079
5.644536 8.241704 19.851818
6.468494 9.306619 19.474115
6.307628 9.291946 20.035980
6.911506 10.485660 20.633479
7.174773 11.221646 19.813043
8.406838 10.663149 20.156529
7.850452 10.693780 21.015642
7.784914 12.245299 21.427338
8.290412 12.221520 21.137597
8.040550 12.649528 21.461625
8.667606 13.815653 21.457887
10.088337 13.852532 21.909048
9.949780 14.023556 23.732114
10.236249 13.646908 24.473168
10.986986 15.856248 25.230344
11.124369 15.461172 25.966995
12.195670 15.812165 26.736629
11.742983 14.610726 28.408259
11.665380 15.542110 30.056820
12.945530 14.782377 32.186241
13.098786 14.698284 32.330655
12.805489 14.413789 33.412554
13.712109 13.276627 33.878773
12.376062 12.481321 34.048921
12.994737 11.562123 35.684744
12.419986 10.109276 35.882522
11.675764 8.113535 36.191954
12.122483 7.046787 35.665910
11.244153 5.897819 36.493206
10.822622 6.197748 37.329168
10.826972 4.836937 36.421277
10.080788 3.372841 35.385782
8.702665 1.905905 35.803376
8.515351 2.049985 34.399101
8.392967 0.897027 33.491776
7.500503 1.809553 33.384374
7.238788 0.344400 32.590247
5.346486 0.803587 31.489325
6.369109 1.339179 31.086911
4.585575 0.077208 30.266604
4.710278 -0.171965 28.125303
4.452538 0.150472 28.620059
3.749801 0.282092 27.294460
2.505449 -0.879827 26.354855
2.039502 -0.345167 26.284343
2.148553 0.587054 25.306320
2.727784 -0.939853 24.219417
1.199043 0.124354 23.609782
1.736353 0.262620 22.668083
2.522504 0.313446 22.566236
1.605639 -0.042575 22.999979
1.884763 -0.605545 21.996113
1.865295 -0.106293 20.707584
1.266335 1.481343 20.364036
0.234057 0.750752 19.901424
0.965193 0.915435 18.969883
-0.230099 0.376813 18.745138
0.715940 0.263564 19.297484
1.757658 -0.187324 17.709302
0.591330 -0.020751 16.112310
1.851367 0.670846 16.841944
1.821236 1.259514 17.219426
1.402535 0.954880 16.917986
1.453883 1.764443 15.575593
1.573826 1.461694 16.076048
1.183047 1.392021 14.748527
0.986357 1.795012 15.494673
1.155750 2.527311 14.555999
0.756277 2.516537 14.223238
1.094160 1.699528 13.090196
1.590474 2.791461 13.862402
1.014462 1.678997 12.032899
1.523030 2.556081 13.000982
1.563493 3.290032 13.251577
1.691042 4.005928 12.478755
1.005562 3.314168 10.953041
1.412382 3.533176 10.895778
2.315717 4.575619 11.836322
1.371720 4.892439 9.800798
2.554990 5.174491 10.520781
2.373696 4.927359 9.845011
2.744053 6.043137 10.637995
2.801465 6.022604 9.650307
3.553872 5.816310 11.398726
3.461012 6.456139 9.716831
3.554971 6.202109 11.010977
2.924097 8.728616 9.909011
4.409792 8.439454 10.436431
5.565049 9.500880 9.868407
5.360798 10.358658 10.542954
6.789936 10.983294 10.783450
5.945808 12.085524 11.500101
6.309789 13.078721 10.813281
6.286572 13.906378 11.587363
8.100816 15.280804 11.600675
8.410395 16.673344 13.366180
9.769161 17.850608 14.784790
10.230912 18.595545 16.120692
11.326537 20.033638 17.666176
11.126155 20.306203 19.500485
12.965622 22.259180 21.518329
13.424514 21.832494 23.672672
14.535344 22.080577 26.151137
15.023205 22.259508 27.764041
15.115552 22.462215 30.858431
17.108950 21.277099 34.472324
17.517657 20.196960 36.328283
18.282934 19.537886 39.640997
18.326175 16.322186 41.447317
17.702072 13.928795 42.053846
17.200954 11.659110 44.095658
14.850234 8.222996 46.034862
15.250007 5.604599 44.110573
14.225216 2.670565 44.376870
13.750689 0.634629 45.068047
11.550669 -1.681419 43.133332
10.742232 -2.790685 41.875146
9.267020 -4.973417 39.483529
7.842502 -6.443936 38.543286
6.165189 -5.701075 36.345502
4.278538 -6.262638 34.825504
3.511169 -7.432118 34.313773
2.045703 -8.019202 31.737966
2.013727 -7.533912 31.096004
1.507899 -7.317319 31.115492
0.187121 -7.727650 29.914816
-0.679656 -8.128300 29.828648
-0.424748 -6.832413 29.002667
-1.139452 -7.665673 27.777771
-2.211766 -6.108092 27.112113
-2.324425 -6.960712 27.033643
-2.982869 -7.648554 26.020009
-3.411954 -6.888634 25.137624
-3.602246 -7.390999 24.898771
-4.010656 -6.103845 24.710285
-4.193017 -6.617185 23.971457
-4.472345 -7.453123 22.445092
-5.050377 -7.312372 23.585629
-5.079817 -6.067909 22.948723
-5.657574 -7.609984 22.316427
-5.029791 -7.792613 22.960994
-6.343514 -8.559853 21.845689
-5.265050 -8.393845 22.095138
-6.052420 -9.510209 22.313374
-7.420204 -9.535588 22.863174
-6.002580 -8.549196 21.436884
-6.892781 -9.295268 22.549559
-8.433495 -9.743926 21.887065
-8.093485 -9.228051 22.662477
-7.484381 -10.086748 22.099163
-8.114885 -9.831952 21.905477
-7.872572 -10.411887 23.052570
-8.737493 -11.334290 23.123699
-8.392589 -11.265059 23.931996
-9.246712 -12.239725 24.459670
-8.204449 -11.789419 24.367188
-9.397369 -12.704090 25.161985
-8.718431 -12.568005 25.990612
-10.304765 -12.667626 25.090171
-10.550010 -12.218348 26.357031
-10.623251 -12.247239 26.737266
-10.340672 -12.654129 28.199091
-10.705784 -11.851306 27.602380
-11.391135 -13.029878 28.692754
-11.076657 -12.233598 29.324180
-11.341363 -11.800213 30.145637
-11.459127 -11.440448 30.874315
-12.067478 -10.694014 30.972828
-12.073295 -10.786747 32.125150
-11.819700 -10.996892 32.146588
-12.179280 -9.364187 32.420346
-11.043601 -10.043517 32.426933
-11.019827 -8.933353 32.494519
-9.582915 -6.923390 32.466066
-10.618038 -6.710783 33.279742
-10.567149 -7.166590 33.122471
-9.585750 -5.984525 32.647377
-10.099311 -6.289625 33.250037
-8.609560 -4.907405 32.216566
-8.096316 -5.108054 32.044832
-8.721948 -4.824932 30.548342
-8.472588 -3.788641 30.198799
-7.540088 -3.276293 29.934604
-7.194478 -4.272087 30.306952
-7.271616 -4.176233 29.496356
-6.050098 -3.103183 28.893310
-6.149356 -2.981644 27.953260
-6.244352 -4.625703 27.358255
-5.990817 -4.495296 26.373587
-5.405485 -4.133691 25.385104
-6.140335 -3.446019 25.546219
-5.467022 -4.614305 24.603487
-4.659908 -4.039442 24.366366
-5.396473 -4.625389 23.957488
-5.105360 -5.125018 23.590865
-4.130929 -4.584206 23.930152
-4.869394 -4.815071 23.070288
-4.450145 -4.488568 22.052847
-4.465671 -5.715816 22.402807
-4.733558 -5.355579 21.653280
-5.141922 -5.379381 21.306546
-4.121767 -6.126588 20.981480
-5.063957 -5.739673 21.350006
-5.757334 -5.864026 21.073997
-5.793488 -6.134576 20.668507
-4.746221 -5.551774 20.642916
-5.398814 -6.640371 19.746424
-5.746316 -7.542562 19.442711
-5.955828 -7.208407 20.176860
-6.252687 -8.411913 20.008433
-5.334423 -8.138168 20.258527
-6.314195 -7.822739 19.704509
-5.037895 -8.997967 18.953050
-7.893917 -10.283697 20.311773
-6.829868 -10.383192 20.866040
-6.772339 -10.279340 19.788432
-8.118578 -11.145088 21.529018
-7.895664 -11.864739 21.222044
-7.875414 -11.725479 22.064323
-8.929277 -12.844622 21.799597
-9.037044 -12.726851 22.324837
-9.660331 -12.900806 22.778782
-10.198147 -13.582174 22.988215
-9.873925 -14.661991 24.527902
-10.213892 -15.489385 25.704517
-9.508916 -14.221053 25.823051
-11.415352 -14.127353 26.898719
-12.326900 -14.258820 28.064433
-12.425986 -13.055323 28.037209
-12.007037 -13.148418 30.570045
-11.494270 -12.808293 30.825689
-12.031078 -12.634458 31.766079
-12.540744 -12.608006 32.044128
-12.044084 -11.823508 31.410061
-12.501737 -10.539237 33.093934
-11.734974 -9.968233 33.400809
-10.962483 -9.058172 32.726024
-10.997656 -8.136338 33.888571
-11.139841 -8.310556 34.357810
-10.671088 -6.640755 34.052399
-10.451105 -5.195589 33.162951
-9.388728 -5.573232 33.374646
-9.477995 -5.066057 33.149063
-9.238936 -3.463134 32.323104
-8.896545 -4.656864 32.285126
-8.729788 -3.500511 32.032707
-8.018953 -3.760053 31.151153
-7.680877 -2.802881 30.957680
-6.880931 -2.916587 29.943001
-7.107247 -2.576237 29.309786
-6.628943 -3.230088 29.101962
-6.167022 -2.147152 27.546821
-5.532618 -2.852145 27.470441
-5.293361 -2.557012 26.398612
-6.089294 -2.879665 26.029699
-4.336588 -1.698092 26.304139
-3.827151 -2.713831 25.349598
-3.794551 -2.880213 25.025913
-4.512437 -3.494412 23.845586
-3.509939 -2.529518 23.236073
-3.837807 -3.263406 22.537922
-4.258506 -2.792668 22.522263
-2.550266 -2.504095 23.016648
-3.184084 -3.732523 22.096700
-3.873877 -4.625350 21.377673
-4.774025 -4.726473 21.426924
-3.844298 -4.933448 19.812055
-3.796198 -5.005300 21.352569
-3.494157 -4.876185 19.975912
-3.761403 -6.259502 18.514059
-4.501217 -5.270929 19.925242
-4.943930 -5.792619 19.199490
-4.346835 -6.549337 18.978059
-4.460979 -6.330289 17.982533
-4.939949 -6.371103 17.687799
-4.708615 -6.678777 18.335008
-5.836858 -7.822384 17.115276
-5.693759 -8.920823 17.547382
-7.107561 -8.673550 17.731191
-6.164619 -8.992199 17.907314
-5.564315 -9.879432 17.273087
-6.750163 -10.869797 18.357012
-6.386188 -11.069802 18.061801
-7.154737 -10.613732 18.888652
-7.663536 -12.565892 19.697201
-7.992183 -12.086896 18.927557
-8.041650 -13.412829 19.463068
-9.880088 -13.599104 20.074573
-9.918198 -13.267618 21.545726
-10.020405 -15.372053 21.430802
-10.870242 -14.506125 22.137783
-11.717214 -15.234092 23.355224
-12.620224 -15.741076 25.020638
-11.971639 -16.479616 25.189052
-12.786863 -16.461241 27.324892
-12.940255 -15.694211 29.074492
-13.383094 -16.415613 29.698797
-13.238565 -15.447442 30.338274
-13.543942 -14.415830 32.011195
-13.048624 -13.307882 33.314822
-13.527093 -12.703420 34.784832
-13.227822 -11.517747 35.292540
-12.729308 -11.765072 36.566353
-14.047897 -9.824830 37.227068
-12.579783 -8.606962 37.149539
-11.874187 -6.700495 37.407552
-11.410512 -6.921719 37.226363
-11.751745 -5.090501 35.683577
-10.119156 -4.190146 36.403009
-10.608419 -1.757157 35.436732
-9.419802 -2.894189 34.371402
-8.164157 -1.565987 33.776019
-8.188534 -1.491969 33.754849
-7.600359 -0.403473 32.130776
-6.810257 -0.453524 32.075140
-6.425884 -0.045839 32.070884
-5.565813 0.048483 30.100799
-4.787296 -0.636941 30.069087
-4.567262 1.057327 28.575378
-4.518610 1.182637 27.609977
-3.800458 1.768364 26.862201
-2.339993 0.958252 26.584723
-2.379089 0.993034 24.848400
-1.845109 1.348255 24.821059
-1.291580 0.604109 23.521635
-1.358271 1.526136 23.786199
0.413011 1.089090 22.383848
-0.906117 0.908754 21.293449
-0.236424 1.270867 20.973994
-1.049285 0.161702 20.882832
0.132076 0.564649 20.731656
0.185311 0.232253 20.580341
-0.003546 1.249923 18.490551
-0.665039 0.568081 17.614173
0.024681 0.476957 18.763551
0.903833 0.691842 18.132685
-0.586100 0.707920 17.280906
0.664243 0.407606 17.997672
0.214089 0.755279 17.003494
0.378687 0.421384 16.711328
0.069512 0.454343 14.920451
0.633607 0.661946 16.086298
0.949659 0.067179 14.973854
-0.262097 1.648044 15.357418
0.566069 0.406437 13.608699
0.095725 0.508394 13.848046
0.656917 0.969426 12.880760
0.376606 1.275055 13.118727
0.651441 1.321418 13.446224
0.273665 1.509263 11.751963
0.122667 1.339760 12.276911
1.097540 1.236149 11.388376
1.154116 1.428720 12.235167
0.589795 1.743410 11.588837
1.696827 1.241141 10.915464
1.375422 2.700472 11.046233
1.854177 2.030162 11.252995
1.362111 2.626291 10.990108
1.994197 2.567218 10.379309
0.645575 2.273635 10.365426
1.109345 2.821997 9.234655
1.668330 2.751918 8.897889
2.341177 3.623396 9.803128
2.504918 4.116648 9.375957
1.737701 4.371400 9.340864
2.453440 5.796475 8.622212
2.571368 5.474454 8.901021
2.453511 5.574341 9.178877
4.183069 5.867835 8.244463
2.630513 6.433470 8.738735
4.515083 6.404769 8.858842
3.650519 7.576079 8.400785
4.283543 8.953744 9.389908
5.266668 9.164648 9.320193
5.348074 10.694623 8.514646
6.318373 10.905425 9.633221
5.873834 12.182797 9.861818
7.756810 13.782091 9.839147
7.742203 14.701565 11.564572
8.448186 16.022746 11.775643
8.330846 18.135062 13.362422
10.222797 19.073143 14.439110
11.176780 20.745246 15.919060
11.583190 21.271683 18.000716
12.354019 21.920347 19.909075
13.394484 22.738962 21.133065
14.429456 23.575872 24.766704
15.068968 24.189655 26.524097
16.172716 24.295328 30.035433
16.640685 23.686388 33.494475
17.565988 21.131252 36.380592
17.689485 20.888185 39.662915
19.187329 17.807806 41.922473
18.870217 16.241126 44.764389
18.072471 12.330636 45.804190
17.634934 9.542023 47.816673
16.357765 5.515536 48.060185
15.315117 3.306980 46.546591
14.536766 -1.276022 45.871689
12.781349 -2.595678 44.144062
10.108269 -5.834853 44.668842
9.549013 -6.227673 42.305586
7.338706 -7.236829 39.826241
6.180302 -8.395091 38.081546
4.936634 -8.708450 36.191671
3.220536 -8.913230 34.586207
1.465102 -9.722639 33.311254
0.464192 -9.645962 32.776770
-0.925532 -9.695421 29.975884
-1.124599 -8.825151 31.321099
-2.280295 -9.877737 29.641529
-2.210908 -8.928694 28.727698
-2.391659 -9.020531 29.178147
-4.528807 -8.133494 27.897281
-4.296785 -9.250884 27.844816
-4.097140 -8.874481 27.024639
-4.943892 -7.665604 27.750412
-4.791014 -8.370628 26.515226
-5.646816 -8.242121 26.094531
-6.306517 -7.859595 26.358733
-6.082649 -8.379021 26.215662
-5.966414 -9.133214 25.741162
-7.182113 -8.135285 26.354885
-6.551083 -8.193036 25.597510
-6.653478 -7.144977 24.994309
-7.364196 -9.175583 25.825879
-6.787746 -7.961551 25.582669
-6.683340 -8.907835 25.384768
-6.882202 -9.302502 25.549894
-7.742829 -9.030351 24.984356
-8.078999 -9.595495 25.011350
-7.346484 -9.694573 25.040902
-8.771544 -9.534753 26.008669
-7.681712 -8.814738 24.468028
-8.130824 -9.247617 25.019478
-7.954373 -9.549894 24.598380
-8.288274 -10.027615 25.255867
-7.528787 -10.519685 25.158514
-9.220880 -9.935060 25.952239
-9.385905 -10.016974 26.485368
-8.161134 -11.090188 24.911135
-8.533847 -9.772061 26.438160
-9.071924 -10.846163 26.535514
-9.019409 -11.110581 27.273321
-8.346863 -11.118210 27.111489
-8.907787 -12.287931 27.461432
-10.879089 -11.833591 27.730827
-10.856090 -10.760426 28.122544
-9.879826 -10.077837 28.830521
-9.358994 -10.843813 29.862345
-9.336698 -9.794339 29.570691
-10.447491 -9.036862 29.149514
-10.822879 -9.790032 30.184808
-10.124248 -10.369207 29.628723
-10.670824 -9.132030 30.397274
-10.768329 -9.399717 29.739599
-9.864327 -10.355622 30.331544
-10.679918 -8.293885 30.416501
-9.637785 -7.441939 30.091899
-10.273057 -8.120170 29.571957
-8.700037 -7.697336 30.241983
-8.856694 -7.439719 30.526615
-9.794633 -7.127516 31.378070
-9.252155 -6.501634 29.988163
-8.851542 -6.479514 30.541723
-8.937323 -6.515465 29.359507
-8.085808 -6.644979 29.177493
-8.094019 -6.626286 29.287950
-7.529713 -6.030810 28.441961
-7.547661 -5.622078 28.672166
-7.994909 -5.729623 28.179043
-6.764622 -4.820372 27.603780
-7.849873 -5.191988 28.060258
-6.710505 -5.139130 27.177904
-7.081269 -6.312910 27.392572
-6.633990 -5.723137 26.444551
-5.849302 -4.352861 26.874915
-6.723649 -5.062439 26.780856
-6.263890 -4.489149 25.870158
-6.191186 -6.280020 24.531469
-6.245540 -5.950262 25.205671
-5.714258 -6.168320 24.137829
-5.561339 -5.763850 24.991287
-4.933194 -6.503627 24.561452
-7.210137 -6.925063 23.936843
-5.461284 -5.975351 22.821742
-7.147525 -7.500250 23.365324
-6.270619 -7.388955 23.688169
-5.714022 -7.690395 22.864945
-7.299851 -8.063679 22.960772
-7.314961 -8.052613 22.612801
-5.998590 -8.655335 23.194911
-6.787225 -8.787440 21.925015
-7.468116 -8.961598 23.509911
-8.247071 -10.377589 23.353401
-7.394054 -10.521417 23.023226
-9.010948 -10.946321 22.412823
-8.130032 -11.643509 23.214331
-7.983946 -10.822158 23.040461
-8.473696 -11.584496 23.300353
-10.471467 -11.986726 24.178369
-8.705129 -12.051419 24.191279
-9.589656 -11.882151 26.527602
-9.920297 -12.716872 25.773977
-10.892667 -12.635772 26.358542
-11.501056 -12.526261 26.352763
-10.599674 -11.906234 27.105925
-11.821354 -11.826881 28.673860
-12.473723 -12.099656 28.731112
-11.041145 -12.226819 29.939832
-11.217526 -11.300776 30.953090
-11.810341 -10.977107 31.344281
-11.617956 -11.970000 31.618990
-11.182680 -9.892938 32.124422
-11.475491 -10.721745 32.626919
-10.577097 -9.166768 31.140516
-11.040356 -9.746822 31.936273
-11.486920 -8.579003 32.388055
-10.369869 -8.359663 32.573511
-9.915169 -7.758937 32.267211
-10.186409 -7.981227 32.927501
-9.994203 -5.996585 31.849581
-9.643253 -6.547521 32.081501
-8.746959 -5.355466 32.325525
-8.278611 -5.266322 30.998941
-7.905573 -5.806074 30.788167
-7.510297 -5.040141 30.419588
-8.668738 -4.474796 29.843097
-7.558342 -4.257725 30.637363
-5.933055 -5.557420 28.884968
-6.694360 -3.372946 28.543992
-6.312501 -3.901674 28.989442
-6.160436 -4.138282 28.062412
-5.637312 -3.521003 28.334244
-6.164015 -4.007153 26.603795
-5.740981 -3.548839 26.841745
-5.950330 -3.444253 25.339852
-4.984539 -3.578277 26.560985
-5.616406 -4.140186 24.154724
-5.467729 -3.899745 24.212409
-4.370063 -3.693722 23.986094
-5.472757 -4.642444 24.880858
-5.091508 -4.533777 22.578455
-5.907623 -3.453516 23.042160
-4.513333 -4.923224 22.549613
-5.497965 -4.679280 22.687100
-5.560921 -4.873909 22.567496
-4.882940 -4.872517 21.608905
-5.113000 -5.625921 20.855401
-5.036233 -6.260258 20.809451
-5.695864 -7.276590 20.735427
-5.430073 -7.243896 19.712558
-5.421706 -7.272737 21.015945
-5.650132 -6.679067 21.087617
-6.146441 -8.410374 20.107028
-6.601807 -8.165657 21.316676
-6.258961 -9.548947 20.489696
-6.842181 -9.369638 20.343147
-7.254352 -9.524666 20.583041
-8.171365 -10.135473 19.898048
-7.174640 -11.303186 20.875867
-9.224440 -10.902236 20.880806
-8.611476 -11.446937 21.074857
-8.627251 -12.148810 21.346235
-9.090782 -12.098845 22.712308
-9.560692 -13.087905 22.954784
-10.114116 -13.483804 23.872302
-9.966689 -13.830605 24.661611
-11.197881 -14.616334 24.951556
-10.974114 -14.100516 26.620988
-11.573803 -14.165746 27.194824
-11.809856 -13.679772 27.732790
-11.745669 -14.228864 29.328212
-12.050772 -14.219769 29.258709
-11.360509 -12.742877 30.183484
-12.018103 -12.740679 31.800692
-12.968014 -12.907825 31.312512
-11.986328 -11.712719 32.549349
-13.000225 -10.343855 32.995738
-12.020887 -10.813073 33.884631
-11.621790 -9.891599 34.083134
-11.584024 -8.995119 33.179799
-11.068764 -6.798428 34.604696
-11.811350 -8.281982 35.717578
-11.131070 -6.361619 33.934342
-10.197065 -5.872298 34.666118
-9.691603 -4.926260 33.747989
-8.847787 -3.533387 33.272334
-8.686565 -3.657229 33.607715
-7.880604 -2.643180 31.805405
-7.541947 -2.159673 30.838334
-6.872755 -1.831555 30.546241
-6.498625 -3.372547 29.418128
-5.222863 -2.212858 29.268334
-5.005910 -2.468321 28.272278
-5.889238 -1.073920 28.281313
-5.025670 -0.933092 26.925569
-4.816268 -1.705103 27.031575
-4.149835 -2.220543 26.561067
-4.319400 -1.372701 25.555630
-3.131028 -1.074485 24.540289
-3.746270 -2.379435 23.648596
-4.389541 -1.802703 22.888386
-4.006759 -2.054031 23.440854
-3.742857 -2.322425 22.777650
-2.799110 -2.431499 22.718177
-3.781529 -2.579630 21.558222
-3.135138 -2.394215 21.219042
-2.683755 -2.878917 21.527506
-2.787001 -3.531620 19.706711
-3.791098 -3.599023 19.614185
-2.369223 -3.723068 19.306921
-2.980418 -3.047147 18.253353
-3.067837 -4.361727 17.814887
-3.445965 -4.352753 17.812358
-2.390689 -4.775564 17.825376
-2.950333 -5.282164 18.055637
-3.540040 -4.818547 17.106339
-3.300489 -4.711634 16.813877
-3.393198 -6.034916 16.988421
-3.997082 -5.467561 16.099214
-4.219719 -6.364372 16.116925
-3.760624 -6.865377 15.992544
-4.898282 -5.469428 15.715516
-4.885680 -7.711815 15.596754
-5.534654 -7.704689 15.350055
-4.634452 -8.606624 15.442106
-5.077108 -8.293788 16.707619
-6.323180 -9.442537 15.480164
-6.588214 -10.603399 15.744104
-6.439334 -10.951306 16.536831
-7.848404 -11.268883 16.592960
-7.796087 -11.991528 17.308500
-8.452759 -13.197774 17.939811
-9.456198 -14.373749 18.371703
-9.333435 -14.908076 19.728558
-10.223443 -15.991300 19.219581
-10.337425 -15.329774 20.912489
-10.616381 -16.985357 21.729882
-11.157338 -18.266716 22.377308
-12.191198 -18.339617 24.950679
-13.130902 -17.724068 26.652207
-14.154926 -18.850140 26.759059
-13.917951 -17.846554 28.698783
-14.267514 -16.675774 31.725751
-14.696560 -16.219842 32.859208
-14.184409 -16.278964 33.876106
-15.159219 -15.183575 36.041223
-14.205248 -13.055429 36.520485
-14.994476 -11.698684 38.011722
-14.494927 -10.128473 38.507639
-14.373993 -8.679624 39.529780
-14.192790 -7.271846 39.608726
-12.910246 -4.633254 38.963146
-13.120326 -3.428059 38.885296
-11.567426 -2.199493 38.066168
-11.275692 -0.304107 38.437593
-9.391349 0.746001 37.124107
-8.635491 -0.329863 35.989580
-7.830567 2.137107 35.391133
-6.232633 2.451787 34.579050
-6.001155 3.228883 32.687516
-5.039698 2.638088 31.478531
-4.900530 2.837352 31.558159
-3.566082 2.015437 31.238962
-2.752350 3.214489 28.609795
-2.750906 3.004560 27.647085
-1.333401 2.944842 27.459549
-1.783813 3.412932 26.164929
0.314373 3.572049 25.960645
0.915537 2.467342 25.160853
-0.183867 2.883847 24.792300
-0.671750 2.529444 22.882664
-0.587104 2.467625 23.237718
-0.203716 3.189854 23.109614
0.766731 2.789096 21.855721
-0.398357 2.905152 21.242487
1.974677 2.869829 21.399391
1.578085 2.667643 21.047334
1.532319 3.063162 19.623836
1.618981 3.965086 19.599937
1.548255 3.201991 18.614554
1.752073 3.071488 18.668290
1.582810 4.172011 18.591424
2.699974 3.039479 17.744075
2.149784 4.157390 17.198755
1.988665 4.765731 17.808324
2.637466 2.879165 16.680531
2.872068 3.582298 15.706683
2.533367 4.333135 16.082947
2.401787 4.152580 15.352152
2.736537 5.006695 14.446771
2.851744 5.125577 14.720739
2.459313 5.954541 14.292646
3.914200 6.600615 13.524962
3.260163 6.725412 14.459747
3.557958 6.958467 13.720877
4.840034 7.840169 12.577423
4.675388 7.963275 13.478492
5.046168 8.267402 14.502074
5.655569 8.887506 14.984186
5.222260 9.306128 14.164718
5.632519 10.633293 13.254407
7.548005 11.238573 14.446451
6.951601 11.707622 14.298471
7.365045 12.616627 14.589246
8.462502 13.221347 14.445990
7.847410 15.030745 16.898822
8.902180 14.486589 16.897208
9.707161 15.861043 17.572096
11.103808 17.099262 18.450497
10.924299 17.621274 20.332690
11.720607 18.650954 21.688768
12.423260 19.587126 22.605642
12.663012 19.046676 25.679723
13.943265 19.134370 27.651996
15.678067 19.136620 30.307356
15.016076 17.973027 30.302748
14.842526 18.895248 33.427228
15.257047 17.595719 35.181217
16.392219 14.796213 36.352564
15.152887 12.751651 39.040426
15.815842 11.922960 40.045628
15.792685 10.579781 40.408694
14.862317 8.281708 41.419136
14.342376 6.379981 41.253889
13.950047 3.577848 41.614772
12.762012 2.141472 40.757377
11.526060 1.152851 38.172944
10.463621 -0.829904 38.373074
9.818966 -2.093334 36.505338
6.557297 -3.415189 35.548962
7.663131 -2.818960 34.615204
6.585840 -4.378051 33.721167
5.156511 -4.084442 32.084567
3.716240 -4.648446 31.791329
3.897735 -5.154341 30.357073
2.383736 -5.403253 30.021970
1.860658 -5.133479 29.111876
0.037726 -4.295887 28.364688
0.946448 -4.837536 27.425260
0.313171 -4.906993 26.709995
-0.728767 -3.890390 24.804845
-0.912251 -4.733316 25.067863
-1.798710 -4.851242 24.484369
-1.961585 -5.044079 23.999343
-1.297871 -4.914123 22.877524
-2.389712 -4.749481 22.125892
-1.262167 -4.739303 21.981287
-2.638450 -5.585412 21.721959
-3.111454 -5.394828 20.385798
-2.964594 -5.384258 20.441540
-2.854775 -6.075380 20.667136
-3.336612 -6.198813 19.761733
-3.265942 -6.141388 19.608477
-4.661113 -5.674001 19.715834
-4.265365 -6.820003 18.655944
-3.409306 -6.182783 19.012766
-4.720940 -6.746313 18.927531
-4.606900 -7.646217 18.265741
-4.849351 -8.046672 18.119824
-5.593948 -8.690844 18.805573
-5.519495 -8.379623 18.928792
-6.875334 -8.637777 17.933229
-6.057123 -9.665060 18.704463
-6.253670 -9.748383 18.818714
-6.630389 -10.188146 18.282085
-6.585848 -11.310200 18.570158
-8.062217 -10.937220 19.178671
-8.276109 -12.288557 20.107151
-8.539887 -13.200171 20.241959
-9.127843 -13.055669 20.481686
-8.817737 -13.530559 22.373285
-10.134539 -14.429313 22.548968
-10.386283 -14.687239 22.119936
-9.738034 -15.458393 23.156341
-10.002549 -15.389138 24.455456
-11.874014 -15.411154 25.007527
-11.263069 -15.450662 26.118111
-13.146576 -15.277838 27.747981
-11.861197 -15.960079 29.402560
-12.390140 -14.291424 29.359014
-12.762329 -14.959378 30.887921
-12.948189 -14.239044 31.596462
-13.509112 -14.015911 32.135996
-12.746707 -12.817038 32.555458
-13.423039 -12.277375 34.038375
-13.137358 -11.568996 35.298238
-13.644706 -8.731165 35.475239
-12.309786 -9.276408 36.429104
-12.125062 -7.904073 35.229443
-11.348949 -7.098346 36.223354
-12.248297 -5.666871 36.077143
-9.808981 -5.323002 35.325975
-10.884032 -4.608441 33.826876
-10.128700 -2.674821 34.014102
-9.072448 -2.181767 32.964487
-8.354948 -2.143971 33.214429
-8.507157 -0.927475 32.162323
-7.335199 -0.478277 32.253806
-5.858249 -0.821834 31.367022
-6.483979 -0.437349 29.982041
-5.542912 -0.573424 30.038907
-4.955129 0.000811 28.029399
-5.641341 -1.247085 26.944065
-3.560532 -0.168718 26.826330
-2.671972 -1.100970 25.756856
-3.365696 -0.625350 26.022262
-2.710881 0.012537 25.930786
-2.758565 -0.463689 25.006770
-2.472454 -0.745531 24.166759
-3.069621 -0.919145 22.765545
-2.145615 -0.582026 23.256703
-2.157541 -0.737839 22.027986
-2.202340 -0.724201 22.183477
-1.629868 -1.211771 21.541855
-2.538543 -1.824622 20.321384
-1.583689 -1.489230 19.536779
-2.614719 -1.686313 19.496607
-2.651782 -2.466328 19.614269
-1.945357 -1.992270 19.035180
-2.517760 -2.613071 17.889132
-2.232418 -2.962646 17.296991
-2.153056 -3.640261 16.732414
-2.547637 -3.356436 15.847121
-2.535185 -3.243113 16.348410
-2.285919 -4.148370 16.277805
-3.194938 -3.933260 15.538788
-2.999473 -4.594736 15.167226
-3.328010 -5.405022 15.394065
-3.418232 -4.774783 14.400293
-3.451389 -6.338534 14.940525
-4.267157 -6.204846 14.551278
-5.014806 -7.155030 14.585571
-4.580281 -7.071486 14.745768
-4.899386 -7.914548 14.524071
-4.258315 -7.607953 14.461470
-4.897483 -9.259980 14.165768
-5.353431 -10.236812 14.989343
-6.272024 -11.185531 15.567205
-6.748203 -11.761852 14.298176
-7.616691 -12.299258 15.256401
-8.657018 -13.302983 15.480904
-9.137723 -13.585339 16.648290
-8.744101 -14.761764 16.700691
-8.968312 -14.780742 18.260633
-10.833816 -15.527727 18.800388
-10.286008 -16.919845 19.768750
-10.964668 -17.825996 20.519464
-12.012741 -17.534044 22.926338
-12.566020 -18.880645 24.290950
-13.339450 -18.571000 25.907046
-14.123337 -18.546756 28.585669
-13.594292 -19.557471 29.346860
-14.667508 -18.744074 31.088898
-14.413345 -17.679023 33.050738
-14.770899 -17.491390 34.439972
-14.097637 -15.789861 36.352572
-15.249074 -14.334812 38.629464
-15.162592 -12.557067 39.612304
-14.529405 -12.148210 40.905806
-13.316240 -8.832907 40.944906
-14.019051 -7.513788 40.803406
-14.093420 -5.330350 40.805544
-11.935618 -3.974652 39.589545
-11.202854 -2.456184 38.732831
-10.956773 -1.502185 38.607133
-10.009309 1.033353 37.942762
-8.662852 0.994788 36.339516
-7.498169 1.445353 34.935644
-6.097599 2.888240 35.054841
-6.744520 2.759818 33.497195
-5.321491 3.160665 32.686430
-3.091984 2.568347 32.250273
-3.826266 3.550467 30.388510
-1.747512 3.668652 28.934100
-0.996530 3.755580 28.569330
-1.178215 3.757692 28.192577
-0.216415 3.117050 27.794276
-0.929441 3.632135 26.992824
-0.830348 4.448589 26.262314
1.432080 3.701590 25.388593
0.661452 3.368810 25.303669
1.081394 3.164967 24.462180
1.237727 4.137783 22.606703
1.282995 2.905878 22.004029
1.519892 3.450681 22.733303
1.700196 3.877194 20.863005
1.834156 3.424714 21.717690
2.364619 3.593461 19.414145
1.905638 3.105916 19.344458
2.798519 3.808526 20.014749
2.084730 4.535667 18.861892
2.363520 3.697774 18.140208
3.129982 3.315814 18.065468
3.077788 4.688969 17.235507
3.711335 4.641129 16.814973
3.955927 5.099890 16.441689
3.860954 5.900545 16.774619
3.615731 5.163338 16.246023
3.439180 5.726252 14.905990
3.319986 6.290568 15.185724
3.745684 6.788763 15.415717
3.938913 7.370118 15.460600
4.933823 7.029938 15.144529
4.675268 8.779366 15.263492
5.521905 9.530732 15.772056
4.622862 8.861758 15.716930
5.917185 10.083432 16.251334
6.246651 11.162615 15.265154
5.944012 11.253980 15.702268
6.144265 12.346030 16.089766
7.223379 12.336466 16.605671
8.106067 13.241994 17.148430
7.676922 13.953041 17.372354
9.936823 15.085710 18.458390
10.545427 15.973095 20.210402
10.060002 16.076620 20.704464
11.297324 16.189057 20.618008
11.568596 18.431701 22.501544
12.508272 16.885231 23.515777
12.496022 17.972221 25.434751
13.313748 17.903391 26.666738
13.493201 18.342023 29.368139
13.820954 17.169333 30.552094
14.280577 17.478804 31.780466
14.223524 16.987278 33.854472
14.478573 15.103255 35.143645
14.239249 13.721262 37.718676
14.050495 12.250994 38.332528
15.273801 10.087438 38.135926
13.542135 8.214306 40.334815
13.022095 7.475190 39.941913
12.746909 5.164480 39.651088
11.512924 3.394841 39.111774
11.167946 2.964716 38.859901
10.415872 0.820368 39.479013
10.304484 0.061987 36.966991
9.010263 -0.457306 35.774600
7.876429 -1.382475 36.386632
6.332484 -1.211985 34.885349
6.134541 -1.880638 34.261142
5.731077 -2.879044 32.684948
4.066772 -1.903586 31.097639
4.074074 -3.134893 30.650204
2.231930 -2.934288 30.842549
2.973295 -3.757701 28.166336
2.317194 -2.625397 28.390133
1.315752 -2.187766 28.092382
1.322134 -3.218527 26.299933
1.665490 -2.077450 25.893110
1.090329 -2.917324 25.828623
0.029757 -3.239069 24.565146
-0.026828 -2.482897 25.066498
-0.451308 -2.584712 23.668070
-0.926222 -3.122556 22.848427
-0.275009 -3.384941 22.218978
-1.442318 -2.807242 21.062639
-0.821075 -2.669494 21.841401
-1.913944 -3.072681 20.835801
-1.013570 -3.087575 20.495342
-0.436880 -3.455339 20.042313
-0.977928 -3.110340 19.760484
-2.560599 -3.004768 19.017680
-2.039826 -3.446220 17.930639
-2.453282 -3.142750 17.687891
-3.135469 -2.909742 16.668856
-2.382354 -3.641562 17.354976
-1.874294 -4.152048 16.471367
-1.991388 -3.604815 16.819348
-3.644380 -4.206237 16.929599
-3.040185 -4.869957 15.019738
-3.104509 -5.625533 15.824231
-2.920183 -4.703836 14.993207
-3.221113 -4.854625 15.404480
-3.409506 -6.891476 14.488741
-4.105370 -6.051892 15.142009
-4.292868 -6.747919 14.552005
-4.136799 -7.231510 13.812477
-4.743267 -7.298858 14.412905
-5.073555 -8.605181 13.590110
-4.641031 -9.553699 12.383944
-5.092537 -9.770956 15.416479
-5.987941 -10.801507 14.566191
-7.231013 -12.211159 14.387181
-7.518730 -12.296283 15.274818
-7.404530 -13.002861 14.889521
-8.896949 -13.828505 16.571223
-9.389082 -15.214987 17.575023
-9.273336 -15.715008 18.694952
-10.223804 -16.323651 17.586839
-11.344221 -17.899662 20.257850
-11.773416 -17.590778 21.394144
-11.474143 -18.776024 23.118214
-12.944005 -19.764928 24.926647
-13.881035 -19.370513 26.514992
-15.043634 -19.738084 28.440986
-14.580910 -19.310442 30.350393
-14.611728 -18.820514 33.033728
-15.538326 -17.469115 34.506325
-15.991662 -16.598201 36.371183
-15.572600 -14.834845 37.221178
-15.612436 -13.073405 39.523128
-14.734038 -12.251580 40.251048
-15.610444 -9.357830 40.906934
-14.918023 -7.226715 41.622370
-14.202328 -5.188045 41.192571
-13.209781 -3.727024 41.262541
-11.850247 -1.239029 40.670722
-11.436086 -0.067018 39.606345
-8.840917 0.500190 39.324851
-9.133574 2.145853 37.419602
-7.631856 3.036277 35.788296
-6.713564 2.911590 35.074468
-5.727712 3.852589 34.533273
-3.608533 4.159011 32.858715
-3.830549 3.658523 30.636132
-3.301913 4.746203 30.288900
-1.015385 3.943810 29.783777
-1.149397 4.696974 28.321649
-1.311530 4.726884 27.781312
-0.547973 4.277285 26.272774
0.022951 5.275202 26.042594
0.202093 4.550314 25.780778
0.278821 3.700872 24.254965
1.530538 3.871580 25.530562
2.267225 5.120917 24.151758
2.417230 5.304000 22.844222
1.603200 4.211789 21.955531
2.371341 4.571808 20.972956
3.168032 4.415494 22.559261
2.843444 4.950329 20.552788
2.889596 4.538383 19.310492
2.687940 5.471632 19.712631
2.694280 4.897111 18.785997
3.308834 4.521371 18.963900
3.310149 4.997662 18.847642
3.145972 6.434120 17.950279
3.532425 5.782563 17.770543
2.932118 6.165603 16.817943
4.401165 6.536640 18.331368
4.551798 6.694002 16.264015
4.657593 7.142775 18.394564
5.134269 8.053276 16.132130
5.595744 7.687513 17.333496
5.631922 9.108337 16.950700
5.370092 8.380074 17.424663
5.633645 9.326460 16.930027
5.768345 10.023045 17.569507
6.950307 10.835620 17.786478
6.892050 12.004202 18.237792
6.630526 12.434483 18.068781
7.143996 12.415894 18.119317
7.305114 12.596284 18.522183
7.859136 13.141361 19.585763
8.032944 13.356430 19.998706
8.787835 15.024495 20.155918
10.089245 14.518554 22.507859
10.506584 15.400713 22.463121
10.539125 15.684682 23.246129
11.014630 16.006549 25.055740
11.747619 16.308650 25.910277
12.550535 17.319710 28.159839
12.118996 15.437468 28.138263
12.500955 15.448628 29.867201
13.468683 15.298225 30.621313
13.385334 14.647853 31.721614
13.441070 14.282450 32.342045
13.773577 12.382151 35.160810
14.285036 13.111863 35.402040
12.912603 10.631861 36.889198
14.042586 9.271541 37.082710
13.304803 8.078802 36.672681
12.291255 7.871665 37.189450
11.661556 6.446645 37.568733
11.260541 4.035360 36.284416
11.715523 4.159148 36.569899
10.556543 2.594832 34.865534
9.508360 1.681329 34.807791
8.129706 1.988420 34.008620
8.228026 -0.079363 33.625356
6.390119 -1.024873 32.879769
7.026148 0.020314 31.766178
5.869771 -1.172166 30.650078
4.120056 -1.079339 30.623430
4.096226 -2.163045 29.715820
4.149967 -2.273596 29.023896
2.727235 -0.242603 26.955066
2.789316 -0.736254 25.806040
2.657377 -1.216400 26.258342
1.598343 -0.774678 25.798221
1.401062 -1.046593 25.194003
0.711503 -0.664126 23.510053
1.033932 -0.093803 22.698275
0.569041 -0.714750 23.269336
0.370318 -1.179342 21.795590
-0.201066 -0.327900 21.649714
-0.513369 -0.148106 19.995682
0.697901 -0.919236 19.497543
-0.054531 -0.144903 18.939525
0.257146 0.655218 18.668690
0.650587 -0.138879 17.993500
0.916445 -0.556222 18.113777
-0.122063 -0.184711 18.001989
-0.116874 0.017335 17.651010
0.742906 -0.251765 16.333307
0.245767 -0.622225 15.315016
0.173214 0.594799 15.270774
-0.002714 -0.432991 14.532841
0.353078 -0.188757 15.101823
0.214136 0.518376 15.052767
-0.656671 -0.614372 14.610558
0.154322 -0.619264 14.723143
0.484250 -0.896503 13.014736
-0.358207 -0.270601 13.611235
-1.181782 -0.927779 13.011471
-0.048018 -0.980547 12.262235
-0.090819 -0.237504 12.731839
-0.161785 -0.375892 12.045827
-0.655300 -1.912510 12.735422
-1.371335 -0.913787 11.742210
-0.845470 -1.237427 11.507818
-0.355816 -2.262260 10.716937
-0.677054 -1.043052 10.575581
0.003880 -1.127169 9.040494
-1.137061 -1.188659 10.160855
0.015922 -1.023216 9.229258
-0.243891 -1.151022 9.659598
-0.743708 -2.502250 9.517500
-0.137407 -2.573629 9.922992
-0.090706 -2.546699 8.429201
-0.956188 -1.103904 9.219477
-1.087306 -1.991956 9.449017
-0.731126 -2.704265 8.332794
-0.825531 -2.188698 8.273727
-2.677870 -3.316584 8.202981
-1.762478 -4.072741 8.277114
-2.072466 -3.116227 8.396012
-2.402884 -4.944791 7.283315
-3.157173 -5.880906 7.414976
-2.508698 -5.673236 7.847259
-3.298812 -4.218249 7.062360
-3.234729 -6.589353 7.263279
-2.967084 -7.094386 6.939600
-3.948999 -7.442182 6.996571
-4.824246 -7.817485 7.187344
-4.824730 -8.576477 7.446618
-4.729991 -9.062771 8.204866
-6.442359 -9.961292 7.403320
-5.793031 -11.699864 7.895298
-5.915646 -12.647296 8.109522
-6.577301 -13.279680 8.501428
-7.017569 -15.682658 8.346593
-8.108174 -15.638344 10.183097
-9.273416 -17.240301 12.014047
-10.631283 -18.300140 12.212980
-10.065409 -20.135988 13.382774
-11.583381 -21.091020 15.151502
-12.380702 -22.619575 17.776169
-12.868352 -23.521776 19.970504
-15.404616 -24.234167 23.031274
-15.784067 -24.761120 25.027941
-16.160272 -24.102479 27.803714
-16.112240 -25.322405 32.298745
-16.561288 -23.106458 35.388869
-17.318344 -22.736445 38.638557
-18.857086 -19.442689 42.706450
-18.547984 -17.400229 45.043939
-18.941534 -13.802408 46.061626
-18.961826 -9.940183 47.998736
-18.517284 -6.662637 48.346110
-15.512631 -2.465736 47.229025
-14.858971 -0.115877 47.908502
-13.435852 3.312091 46.664943
-10.637571 5.845772 44.389601
-9.263119 8.173828 42.258822
-7.828680 9.297886 40.803527
-5.944273 9.873822 38.657588
-4.245723 11.106667 37.096157
-3.372743 9.662957 35.692917
-2.283390 10.936942 34.217560
-0.900178 10.963142 33.069804
-0.087323 9.584367 31.642903
1.298873 10.613122 31.672608
3.175499 9.745385 30.459610
3.647518 11.097144 30.844994
4.360067 10.382892 29.977908
4.639122 9.949621 29.539079
4.103698 9.999583 29.440152
5.303382 9.886323 28.277719
5.542242 10.550536 29.564729
7.376370 9.155859 28.404127
6.756744 9.509510 28.210677
6.818478 10.494775 28.375288
7.764249 9.391995 27.653698
6.146751 9.192686 28.162106
7.425303 8.384537 28.414017
7.298227 9.383058 28.324721
7.692563 8.633760 27.652158
7.508550 10.154117 28.253537
7.913583 8.271076 28.116560
8.058294 8.712917 27.156445
7.950144 8.118825 27.506538
8.419407 8.420624 27.956161
8.439020 9.212991 27.159389
8.284452 9.323778 28.922471
8.356573 9.325329 28.529451
8.593392 9.056577 27.865849
7.586546 9.099333 27.986740
8.297342 7.593168 27.748090
8.605853 8.377414 27.691917
8.910604 8.362439 27.852137
8.860765 8.717393 27.883998
8.323199 7.958063 28.206652
8.227254 8.345379 27.237860
8.847286 7.913524 27.479935
7.231776 6.861271 28.316463
7.824874 7.308473 27.568325
8.905875 7.895919 27.830906
8.160410 7.665546 28.539593
8.631822 7.967079 28.106917
8.410109 7.000870 27.430393
7.805894 7.457321 26.078056
7.837920 6.469412 26.938665
8.223054 7.065517 27.483449
7.065886 7.212973 26.934848
7.551694 6.563761 27.332874
7.389026 6.477186 26.670953
8.330632 6.617685 26.341813
7.748492 7.475759 26.205689
8.694226 6.894683 25.686871
7.915649 7.395894 25.211199
6.831350 7.201481 25.846429
7.155005 7.740714 25.046955
7.750029 8.374670 25.411330
6.973400 7.827802 24.110355
6.893314 8.527703 24.931521
7.172636 7.396916 24.919987
7.831606 8.161273 24.655700
8.349486 9.285653 24.195095
8.588454 8.283239 24.741030
7.629729 8.999209 25.565928
7.742706 9.534914 24.452676
8.126617 9.426395 24.795556
7.755240 9.487881 25.417389
7.627733 10.608064 25.508723
8.325849 10.535044 24.270613
9.467368 10.115183 25.810837
9.186983 10.683216 25.608328
9.349962 10.325596 26.023826
10.088960 9.973914 27.073202
9.202734 10.040068 25.844981
8.528596 10.752897 26.682042
8.877443 10.671575 26.559008
9.629888 10.044259 26.476491
9.441066 10.083550 26.714536
9.222729 9.950317 27.820822
9.691569 9.281129 27.724626
9.432412 10.690362 27.804115
9.149022 9.895906 27.538970
8.949560 10.464273 28.257251
10.363345 9.783355 28.298809
10.564606 9.691778 28.403340
10.543960 8.514793 29.305309
9.224080 9.366771 29.227029
8.842020 9.056984 29.100827
9.213784 9.690463 28.797541
9.051767 7.538749 29.495298
8.104355 7.914194 29.069425
8.596402 7.775771 30.164524
8.686685 8.423715 28.607028
8.254669 6.462122 29.270211
8.363501 7.579929 28.895330
8.540931 6.903022 29.256849
8.536380 7.701701 27.910555
8.068173 6.551356 27.896092
8.393173 6.954970 27.679945
8.157802 7.239883 27.983186
7.738440 7.903392 28.128641
8.332354 7.528069 27.569130
7.990057 6.853737 26.259518
7.290354 6.745392 26.964097
7.950907 6.301384 27.122924
6.963544 6.281794 26.855636
7.452280 7.927641 27.227653
7.246613 7.619569 26.024920
7.394675 7.028216 26.228872
7.004462 7.536544 26.796701
7.146915 6.949855 26.575877
7.543839 6.676287 27.168064
7.761266 6.519139 25.223190
6.266295 7.851029 26.668491
6.734598 6.794250 26.073323
5.957433 7.363817 26.056778
6.631202 7.742537 25.030739
7.401927 7.744246 25.284048
6.972146 7.604181 24.434107
6.210224 6.803487 25.542745
6.962755 7.323834 24.881038
6.801511 7.674120 23.794422
7.166068 8.471258 25.319826
7.637591 7.750246 24.167052
6.155815 8.960288 23.979571
6.941513 9.180543 24.448160
7.278569 8.643606 24.020234
7.800919 8.914757 24.051494
7.761256 9.507352 24.340257
8.309302 9.498748 23.437910
9.501413 9.684567 23.441875
8.535484 9.756359 24.437005
8.787212 10.367014 24.557264
8.073058 10.167690 24.260470
9.827598 10.716374 25.353249
8.904501 10.708854 24.428087
8.579882 10.754513 25.985097
9.566320 10.991751 26.405651
9.759825 11.049395 26.465666
9.060717 11.154912 26.499885
9.736816 11.236419 27.153913
10.305740 11.213961 27.294737
10.276181 10.899340 27.620276
10.234311 11.431832 27.872889
10.223326 10.623143 28.930585
9.917146 9.530925 29.126791
10.772181 11.067777 29.105216
10.994898 10.548736 29.058653
10.965970 9.448122 30.529533
9.786242 10.487940 30.969977
10.401332 9.072584 29.801403
9.882148 8.697879 30.568352
10.283554 8.692345 30.466506
9.455654 8.515619 30.726375
9.791536 7.061565 30.457987
9.854061 7.509162 31.072688
8.691034 6.622065 30.262949
9.340940 7.455571 30.626443
9.848441 6.408727 30.038989
8.350246 5.946811 29.593569
8.699829 5.852226 29.555919
7.461850 5.655941 29.820109
7.702907 5.343024 28.852387
8.220640 5.612768 27.658359
7.322824 5.304100 27.991560
7.154937 4.387305 28.261087
8.005854 4.935843 26.919607
7.402009 5.857654 28.357447
7.553968 4.867214 26.074526
7.242430 4.901289 26.126444
6.173387 4.762206 25.407313
5.973401 5.474795 25.883527
6.609024 5.196413 24.298773
6.208224 5.461065 24.280963
6.540489 5.994731 25.472848
5.991453 5.544175 23.190971
5.613608 5.806837 23.418063
6.081653 6.392374 22.554306
6.506747 6.310376 22.795155
5.861922 5.563834 22.469685
5.725597 7.297615 22.952733
5.760328 7.725884 22.354218
6.670023 7.285429 22.100653
6.669449 8.002730 23.363333
6.452361 8.213519 22.255382
5.822538 7.043799 21.487329
6.710728 7.732841 22.669952
6.175097 8.495166 21.773566
7.782116 8.696271 21.966592
7.092983 7.847634 22.429256
6.945430 9.418572 22.630098
7.413998 9.505264 22.031696
6.639246 10.376989 22.590592
7.625465 10.804152 21.968052
7.776968 9.747944 22.351743
8.580287 11.321210 23.853007
8.517467 11.705312 22.849529
9.379609 10.987436 23.970167
8.782049 11.515546 24.356017
9.762032 12.089231 24.472433
10.353007 10.821109 24.856592
9.660835 12.369162 26.160325
10.233296 13.166906 26.058217
9.528415 11.993670 26.641112
10.698730 11.736223 26.780714
11.052604 12.576303 28.212383
10.900715 12.398089 28.015383
11.522333 12.328565 27.960088
11.884610 11.453313 30.630484
11.621938 11.435471 29.810292
11.842068 10.444848 30.413607
10.845669 10.940433 32.026037
11.700876 10.027202 31.925733
11.474290 10.993544 32.110332
10.223403 9.373269 31.926356
10.388320 8.480207 32.958229
10.440224 7.743392 31.742661
9.352834 7.300449 32.649356
9.631307 6.825686 32.052623
10.000850 6.804743 32.260524
8.314258 5.187997 31.376502
8.968930 4.661888 31.800811
8.575097 4.670391 30.030594
7.863982 4.982562 30.914150
8.247670 3.933219 30.232010
7.619155 5.066717 29.378482
6.897302 4.228265 28.728367
7.169124 4.192446 27.726981
6.026537 4.006845 27.306617
6.318486 4.818089 26.523670
6.144248 3.643922 26.484266
4.900672 3.646376 26.644920
5.829186 4.173337 26.618217
5.913811 4.309541 26.601016
5.728327 4.759579 25.125575
5.272179 4.438093 25.290362
5.668316 4.383882 24.443110
3.828927 4.171989 23.778895
4.951503 5.092292 22.885699
4.472233 5.683338 23.213089
5.780776 5.314232 22.626181
4.575950 6.400901 23.027344
5.783168 6.557786 21.859001
5.196842 5.577508 21.985660
5.928374 6.599132 22.418456
4.965502 6.329871 21.841061
4.880074 7.245233 22.641311
5.645134 7.741993 20.863034
6.269413 7.759448 22.037773
6.303660 8.862100 20.623698
6.320510 8.891281 19.980933
7.023604 8.708254 21.350804
6.688472 9.294042 20.544069
7.802625 10.141133 21.245251
6.581557 10.262602 20.556984
8.142425 10.825211 21.410402
8.001622 11.424950 22.217654
8.725305 12.199213 22.181232
8.928530 12.355196 22.712967
8.765044 12.580838 23.526915
9.291292 13.798168 23.398441
10.479979 12.775948 23.421088
9.348710 13.044108 24.975098
11.280542 12.703092 26.269185
11.424001 13.821554 26.493598
11.558505 14.302494 26.448636
11.187171 13.541110 27.720751
11.379683 13.463090 28.614587
11.726092 13.281721 29.732708
12.652435 13.588601 30.739305
12.174233 11.910163 30.672190
11.031151 13.106446 31.692736
11.903933 11.649586 32.552120
12.779443 10.773481 33.566571
11.847656 10.233597 32.880653
11.899029 9.376941 34.590712
12.060566 8.455103 33.257827
10.931112 7.525329 35.045325
10.997950 7.575699 34.745161
10.965810 6.131207 33.985516
9.958499 6.186889 33.749926
9.299674 4.901591 33.898525
9.745467 4.283707 32.932327
8.438776 4.205280 33.587227
8.140090 3.074368 31.825678
8.429022 2.688680 31.784998
7.981713 3.304051 31.310738
7.511353 2.924584 31.287242
6.620619 2.240988 28.896591
6.416100 2.269372 28.490065
6.343110 2.331155 27.862967
5.402737 1.854759 28.738360
4.721654 2.458894 27.330465
5.601714 0.881100 26.213997
4.744627 1.706084 25.745808
4.710467 1.536773 25.678072
3.311706 1.925270 24.743994
4.247095 2.239578 24.399883
4.451209 2.432563 24.702214
4.703376 2.272900 23.214200
3.660570 1.492139 22.307978
4.746188 2.372281 21.843478
3.731772 3.118106 21.266901
3.005756 3.386179 22.121427
3.332439 3.093974 20.439074
3.008826 3.561145 20.896011
3.674584 3.349991 19.796650
3.759754 3.597311 19.865732
3.842811 3.968724 19.059525
3.499435 3.937878 19.527083
3.897439 5.108978 18.840900
4.497163 5.336351 18.430238
4.089261 4.833252 17.535720
5.502716 7.062153 17.935388
4.865657 6.269400 17.784834
5.069857 6.430914 17.405897
3.453013 6.935052 16.278182
5.471285 7.615726 16.573983
4.735144 8.256758 16.793787
6.021789 7.872921 16.926375
6.277147 9.233213 17.247312
7.143664 9.528490 17.534773
7.043729 11.151907 17.719456
7.421116 11.490564 16.882337
6.636931 10.722952 17.730736
8.974347 11.535920 18.701848
7.299096 13.582846 19.839802
9.697488 14.718654 19.932777
8.964559 13.695827 19.525503
9.708055 15.314888 22.309217
10.285296 14.228700 22.248173
10.817624 15.536934 22.915607
11.317565 16.445063 23.742159
11.171568 16.897300 25.373274
12.133088 15.781562 26.904388
12.713996 16.267929 27.568185
13.165640 15.983211 29.408654
13.853511 14.769160 30.138304
13.508076 15.599711 32.108687
13.857875 14.682061 32.709458
14.676793 13.624199 33.375815
13.892470 12.929548 35.498373
14.291510 11.856025 35.468854
13.141995 10.228931 36.344667
12.872056 8.896428 36.141384
14.634228 7.491805 36.146300
11.540382 5.602623 37.033690
11.945512 5.336003 37.355877
11.511038 4.680849 36.386544
10.830383 3.509704 35.915055
9.476256 1.629240 35.771186
8.572882 1.548619 34.021519
7.843283 0.893713 33.293286
7.803374 -0.145012 33.349586
6.652886 0.512118 32.598985
5.766151 -0.219924 31.180100
5.526928 -0.374142 31.653379
4.771264 0.410099 30.078827
4.517751 -0.747280 28.455318
4.266178 -1.789172 28.643136
3.293061 0.479964 26.624603
2.229283 -0.339769 28.086597
2.628020 0.329429 25.637119
2.410453 0.856483 25.685781
2.523377 -0.447359 24.685816
2.723627 -0.111844 23.389500
1.554759 -0.232971 23.850077
1.495847 1.357395 22.236005
1.060491 1.216436 22.098365
1.371823 0.995633 22.734379
1.194997 0.322982 22.066847
1.556578 1.614405 19.885446
2.100090 1.506235 20.292611
2.086820 0.535478 20.134637
1.040521 1.326593 18.764267
1.180056 2.023767 17.986564
0.744572 1.955426 17.715558
1.050357 1.500690 18.341256
1.125296 0.421531 17.042020
1.873910 1.014263 17.698110
1.205260 2.236257 17.070251
1.435968 2.523695 15.032808
1.714282 2.415509 15.693792
1.453507 2.487745 14.986976
0.847726 2.820998 15.875365
1.702226 2.852461 15.206836
1.950852 3.738713 14.582256
1.737020 3.682341 14.648093
1.747222 2.934456 14.361123
2.597041 3.753384 14.070031
2.127096 4.249892 11.618388
1.836815 5.006959 12.859733
3.040342 5.082027 12.494950
3.151345 6.276279 12.227489
2.517095 5.762484 11.839740
3.338502 5.697949 11.490285
3.347605 7.222559 12.107189
3.792241 6.662864 11.404588
4.054301 5.528328 11.610817
3.918114 7.811068 12.265236
5.019600 7.941521 11.107060
4.616259 9.685132 11.150953
5.728628 9.432806 12.058716
6.138243 11.327029 11.560454
6.087392 11.117731 12.326648
5.766045 11.213326 12.722988
7.508416 12.837033 12.957457
8.138158 13.660560 13.628514
9.761725 15.862131 14.124961
9.536073 17.621055 15.689496
9.422803 16.858038 16.851249
11.100403 18.056646 18.258390
11.924616 18.502182 18.727527
13.110477 20.299288 20.656858
14.046194 20.389327 23.328388
13.376745 21.453762 25.701241
13.914496 21.975433 27.478409
15.188516 21.307089 30.831159
16.091630 21.107968 32.154536
17.544176 19.529721 33.351367
15.933488 19.665771 36.513132
17.584511 16.549152 37.955589
17.219584 14.361732 40.818055
16.024948 13.038345 42.592753
16.704815 10.011978 43.433342
16.327939 7.184558 43.941501
14.946841 5.158857 44.349769
13.788715 2.607943 43.959295
13.116499 0.872765 41.982601
11.506662 -0.731907 41.367357
10.292405 -2.829188 39.875654
9.097745 -3.963325 38.644584
6.939466 -5.165036 38.157917
5.924609 -5.571613 36.636873
5.500559 -6.218329 35.074343
3.948867 -6.192149 34.395019
2.939089 -6.699392 32.747301
0.261362 -6.802654 32.896351
0.220634 -6.193246 31.238878
0.679123 -7.332391 29.727069
-0.671847 -7.049070 28.739622
-1.195828 -6.586445 28.410989
-2.259967 -7.112878 27.722370
-2.200408 -7.447629 26.782347
-1.634811 -7.003132 27.635408
-3.288770 -7.508059 26.410722
-3.935865 -7.117468 25.148598
-3.536167 -7.069017 25.788625
-3.571966 -7.155062 24.479226
-4.951280 -7.629618 25.494659
-5.077956 -6.330614 23.996236
-4.744863 -6.635966 23.159703
-5.178652 -6.914356 23.210437
-5.134183 -6.918213 23.440378
-4.767887 -7.348832 22.587606
-5.786868 -7.755888 22.394520
-5.394469 -8.242913 22.522545
-6.147613 -7.247188 22.905349
-6.920131 -8.072226 22.626485
-6.012501 -9.336080 21.944393
-6.833005 -9.195702 22.292279
-6.958214 -9.723511 22.640345
-7.440501 -9.246257 22.340965
-7.058558 -8.929135 23.467589
-7.519531 -10.861831 23.773262
-7.554156 -9.492229 22.914739
-8.354859 -11.133108 23.087975
-9.044146 -11.872967 23.287323
-8.880655 -11.394676 23.652516
-8.061022 -11.383749 24.096584
-8.527150 -11.895329 25.024170
-9.988581 -12.057898 24.325607
-9.506508 -12.460125 25.198724
-9.780498 -12.991542 25.588059
-10.798540 -12.060468 26.296318
-11.080174 -13.066795 26.427676
-11.021706 -11.905899 26.566728
-11.621640 -12.864552 27.145956
-11.171459 -12.491142 29.258515
-11.378294 -12.541403 29.891796
-11.872408 -12.288527 29.615824
-11.901120 -10.330069 30.164407
-11.373601 -11.217183 31.181742
-11.153911 -11.042790 30.793564
-11.339070 -9.315914 30.473244
-11.440567 -9.239144 30.948325
-12.400890 -9.704331 32.039662
-11.571319 -8.991137 32.564428
-11.329290 -8.114567 32.618990
-9.886431 -7.799984 32.007844
-10.242567 -7.207168 32.361788
-8.217567 -6.899819 32.754428
-9.270695 -5.937786 32.076420
-8.631641 -5.326028 31.544409
-9.015807 -4.620493 31.422902
-9.152214 -5.604325 31.111201
-8.321892 -4.562592 30.130216
-7.029739 -3.926344 29.619095
-6.676078 -3.978730 29.474893
-7.216417 -3.704046 30.107504
-6.450098 -3.229439 28.595329
-6.931966 -3.155688 28.339905
-6.226256 -3.534794 27.653264
-5.855038 -3.391681 26.977746
-5.035091 -4.814212 26.552078
-5.298004 -3.176215 26.001441
-5.153476 -3.139462 25.443086
-3.742414 -3.192849 25.050238
-5.035864 -3.357387 24.693542
-5.870024 -4.351843 23.781877
-4.990728 -3.644636 23.281849
-3.827258 -3.473354 23.097847
-4.652985 -4.181012 23.226067
-4.943735 -4.021386 22.073301
-4.372475 -3.690618 21.209001
-4.079394 -3.179550 21.492869
-4.085640 -5.701227 20.424416
-4.660810 -5.358604 20.072798
-4.505065 -4.998861 20.599483
-3.625828 -4.307092 19.458038
-4.768160 -5.430476 19.986564
-5.099712 -4.781510 19.230740
-3.744485 -5.570216 19.401363
-4.058733 -5.945250 19.132476
-5.322007 -6.908997 18.567895
-5.085498 -7.134890 18.251158
-5.699523 -7.314853 18.140984
-5.277260 -7.974467 19.065163
-5.571940 -8.772814 17.132283
-5.022211 -9.211117 18.156563
-6.806204 -9.820368 17.905189
-6.085977 -9.447830 17.793793
-7.374936 -10.480484 18.709309
-7.507008 -11.704333 18.522582
-8.737322 -12.344642 19.667345
-7.842028 -12.282841 20.047017
-8.533574 -12.665543 20.325615
-8.899078 -14.677792 20.134812
-9.499790 -14.862722 21.028333
-10.144690 -14.292362 22.167464
-11.036691 -16.525918 23.265998
-11.414228 -15.859567 25.052710
-11.157383 -17.478880 25.949236
-12.400759 -16.621270 24.840086
-12.572571 -17.274549 27.853969
-12.852999 -17.110107 28.728736
-13.736722 -17.486032 30.350223
-13.046515 -15.970043 31.437630
-13.305664 -14.803185 33.766175
-14.476727 -14.394173 35.071922
-13.436550 -13.750153 36.206917
-13.773360 -13.067277 36.026434
-13.453016 -10.938063 36.176333
-13.285780 -10.310518 37.346404
-12.811209 -8.883535 38.119601
-12.527424 -7.920780 38.836386
-11.531095 -6.271820 37.100687
-12.257741 -4.907686 38.385908
-10.646158 -3.312826 37.631580
-9.780270 -2.678023 36.768683
-9.440919 -1.080168 35.936062
-9.530604 -0.462664 34.671590
-8.693395 0.447522 33.883692
-6.682080 1.017438 33.468116
-6.863701 0.422287 32.337576
-5.486780 1.850490 31.870570
-4.924507 1.898973 30.827080
-5.141718 1.992304 30.023341
-3.074274 1.641850 28.615160
-2.886624 1.847219 27.825285
-2.913596 1.162034 28.520692
-2.783134 1.180616 26.733401
-1.954738 1.826313 25.260984
-1.872600 1.168837 24.820305
-2.068052 0.989062 24.163129
-1.614044 2.292383 24.611774
-0.931709 1.136393 23.925213
-1.103579 2.272385 23.229620
-0.518806 1.715623 22.448061
-0.833138 1.660300 22.214827
-0.446126 1.193371 20.443011
-1.340282 1.314297 20.918120
-0.197203 1.248847 20.679719
-0.216943 -0.044462 19.521394
0.456762 1.231871 19.535207
0.796588 0.994019 18.814138
0.920698 0.857333 18.276596
-0.468932 1.689421 17.200241
0.344929 0.982904 16.621886
0.365777 1.665450 17.032530
-0.198884 1.016522 15.699997
1.422131 0.921823 15.764842
0.414105 0.801408 16.085685
0.651442 1.051908 14.315835
1.233176 3.068781 14.258089
0.201516 1.905810 14.389118
0.620380 2.017501 13.428077
1.350200 1.534670 13.660564
0.181950 1.637631 13.722326
0.469415 1.911822 13.255573
1.788001 2.040830 11.916333
2.340485 2.276402 11.332485
2.006354 3.117545 11.408889
1.923754 2.999816 11.547694
2.055612 3.383701 11.536679
2.345415 2.731638 10.202949
2.003091 4.000510 10.745583
2.666788 4.701795 9.925278
2.343808 4.757937 10.368209
3.021992 4.775493 9.889331
3.194629 5.095077 9.556460
3.492028 6.676354 10.016450
3.618793 5.987837 10.382788
4.030788 7.245025 9.361053
3.572429 7.387564 8.937761
4.685362 6.581786 10.129176
5.051664 8.746864 9.743835
5.471416 9.499131 10.736589
5.871065 10.610251 11.113640
6.014457 10.737616 10.133847
6.650772 12.440736 10.925560
7.718313 13.108015 11.997642
8.052638 14.020530 13.066223
7.712971 15.347718 12.426674
9.009725 16.441544 15.072726
9.810410 17.851691 15.896089
11.097459 19.489303 17.053027
11.812690 19.085313 17.778409
12.794878 21.497059 20.148745
12.884551 21.547692 22.592259
15.037563 22.385313 25.483318
15.023460 22.389542 26.255594
15.734865 22.937211 29.676084
16.111114 22.215625 32.650221
16.872506 21.071036 34.199490
16.789419 19.134417 37.186539
17.401661 18.195776 40.110532
16.701507 15.434151 42.731116
16.108837 12.268261 43.372248
17.244742 9.517183 44.614011
16.334316 7.147264 45.171155
15.311184 4.450638 44.711010
14.087174 0.244162 44.849222
13.077364 -1.448328 43.394407
10.984821 -2.758472 42.356584
10.573928 -4.671185 40.138031
9.362477 -5.867254 38.691394
6.568112 -7.352462 37.540087
5.475167 -7.635700 36.305456
4.984446 -7.689241 35.326161
3.083083 -8.171767 33.094472
3.175016 -7.685990 32.241901
0.718948 -8.270610 31.427419
1.533942 -8.548588 29.297572
-0.259790 -9.099576 29.839004
-0.212930 -9.315042 27.981391
-2.039545 -8.072821 27.570698
-1.944952 -9.780862 26.750952
-2.533483 -7.975863 25.753487
-3.077781 -8.618598 25.347041
-3.263600 -7.368698 25.509966
-3.935903 -8.946514 25.768022
-5.116902 -8.497698 24.421295
-3.900411 -8.559085 24.833695
-6.095395 -9.422694 24.012449
-5.624773 -9.646351 23.594369
-6.110107 -9.522342 24.623575
-4.859345 -9.369606 23.340531
-5.677301 -10.949348 25.152389
-6.992077 -9.801011 25.015049
-7.628022 -10.329110 24.686293
-6.763239 -9.554612 23.955152
-8.023351 -10.222118 24.293441
-7.587017 -10.946534 24.104433
-8.104684 -10.859037 25.568460
-7.335115 -10.796248 25.353740
-7.775544 -10.720217 24.416601
-7.724093 -10.953790 25.210328
-9.484191 -11.012923 25.923639
-9.645592 -11.155796 26.007957
-9.657575 -11.204026 25.599748
-9.073205 -13.154813 26.185202
-9.502330 -12.842261 26.896973
-9.700411 -10.956590 26.620527
-10.531150 -12.050277 27.267569
-9.399250 -11.965019 28.287671
-11.796582 -11.904980 28.935436
-10.176372 -11.963708 29.174429
-10.750116 -11.129213 29.645014
-11.064670 -11.033877 29.809841
-10.982132 -10.011926 31.230017
-9.655477 -9.660455 30.244154
-11.379638 -10.712825 31.387319
-10.582104 -9.934650 30.082350
-9.902296 -8.437279 30.953056
-10.878609 -8.178856 31.115438
-10.705064 -8.628991 31.313835
-9.203135 -8.136595 31.740266
-10.086506 -7.481225 30.871508
-8.678348 -7.161091 31.297052
-8.838785 -6.645335 30.740016
-9.438016 -7.086976 31.031409
-8.614347 -6.797755 29.772645
-8.382488 -6.354536 30.336789
-7.962675 -5.666943 30.584800
-7.490201 -5.438237 29.809792
-7.577324 -4.486303 28.245737
-8.231255 -6.248746 29.226132
-7.297654 -5.815003 28.804040
-7.377677 -5.924424 27.883497
-7.013057 -5.183579 27.075968
-6.744755 -5.101147 27.102468
-6.986949 -5.089431 25.979863
-6.835377 -5.331372 26.290135
-6.746974 -4.880518 26.573318
-6.575054 -5.841206 24.883097
-5.819574 -6.012488 25.556300
-6.375938 -5.516344 25.311349
-6.060980 -6.320258 23.678425
-5.747427 -6.675754 23.137911
-5.306118 -6.578809 23.498615
-6.557076 -6.080837 23.456108
-6.548015 -6.051915 23.365166
-6.766908 -5.961499 22.570514
-6.129247 -6.825344 22.591261
-6.248255 -7.663010 23.394245
-5.963590 -7.098119 23.193081
-7.842131 -8.759695 22.733067
-6.720990 -8.085995 23.123995
-7.040319 -7.783429 22.985022
-7.320095 -7.941343 22.332423
-7.789213 -8.527378 23.106673
-7.186339 -8.764937 22.162737
-7.244193 -9.016009 23.173473
-7.098427 -9.058625 23.167191
-8.763656 -9.936496 22.699056
-8.093386 -10.615767 23.732690
-8.361764 -8.726248 23.271963
-7.562004 -10.259297 22.895744
-9.568218 -11.170146 24.282181
-8.868229 -10.194361 23.871860
-9.455749 -11.158723 23.609868
-8.734921 -10.484781 24.371071
-9.889032 -11.360082 24.478525
-9.609475 -11.630872 25.842644
-10.075560 -11.996190 25.824194
-10.033742 -12.193125 25.822289
-11.006357 -11.604012 26.648734
-10.674662 -11.636712 27.594367
-10.195828 -11.449541 28.241259
-10.003503 -11.808354 28.980080
-10.492343 -10.907530 29.119450
-10.662786 -12.063541 28.216746
-11.108122 -11.583433 29.599851
-11.160352 -11.271231 29.781704
-11.137569 -11.058291 30.624152
-10.255122 -10.882769 31.312556
-11.017749 -10.237239 30.868695
-10.175338 -9.948583 32.091012
-12.238176 -9.305970 31.532667
-10.718960 -8.872038 32.424374
-10.056320 -9.321083 33.301824
-10.631302 -8.386695 32.436309
-10.031712 -7.254736 31.936672
-9.851097 -6.587205 32.095752
-9.754842 -5.966942 32.883648
-9.244865 -5.790056 32.918398
-8.575319 -5.709545 31.424556
-7.867323 -5.666560 30.904914
-8.715307 -4.953886 31.018853
-8.107311 -4.777112 29.840283
-7.737547 -5.263544 29.732414
-7.275989 -3.663461 29.109237
-6.282975 -4.837701 29.535406
-6.415865 -4.019459 28.085373
-6.645243 -4.961027 27.281085
-7.332878 -4.008958 27.377761
-6.148249 -4.154832 27.124715
-5.534924 -4.694746 25.873863
-4.771159 -3.612741 26.670695
-4.744815 -3.791536 25.383288
-4.190975 -2.960873 24.118208
-4.527362 -3.777703 24.684356
-5.366384 -3.989254 25.157051
-4.010034 -4.566323 23.593013
-4.935284 -4.228065 22.839857
-4.710335 -4.401762 22.816764
-4.708313 -3.979759 21.601211
-4.220914 -4.400707 22.495122
-3.744585 -4.565047 20.663416
-4.211160 -5.155431 21.187296
-4.176745 -4.312699 21.865481
-4.038221 -6.088806 20.531114
-4.890227 -6.280819 20.124102
-4.109885 -6.591194 21.230305
-4.908543 -7.265113 20.577278
-4.740703 -6.977622 19.304672
-4.652779 -7.366081 19.503443
-5.667263 -6.951294 20.196132
-5.967421 -7.995943 19.649055
-5.897008 -8.853672 20.648306
-5.629530 -8.354319 18.946620
-5.184784 -8.694018 18.917440
-5.874083 -9.363718 18.841509
-7.654364 -9.431041 19.677308
-6.516370 -10.388604 19.563876
-7.016125 -10.689581 19.879783
-7.831838 -11.564980 20.353594
-7.254621 -11.441136 21.046308
-8.588270 -13.134650 21.076873
-8.650487 -12.559916 21.958059
-9.067249 -13.076697 22.030826
-10.855473 -14.417680 24.232535
-10.287614 -15.031539 23.621803
-11.007002 -14.298460 24.292289
-10.012405 -15.462876 26.128741
-11.213195 -15.114937 27.730644
-11.205916 -14.782562 28.097223
-11.459884 -14.275485 29.365487
-11.408197 -14.253165 29.372433
-12.966611 -14.165250 31.792379
-12.569741 -12.890855 31.841906
-12.505168 -13.161415 32.236839
-12.919873 -12.989656 32.750300
-12.419919 -10.458147 34.406996
-13.379855 -10.930653 33.930933
-12.454569 -9.226141 34.670474
-11.542519 -8.601974 35.638674
-12.287391 -7.950672 34.735923
-12.182401 -6.769374 33.969153
-11.660475 -5.700718 35.230414
-10.938006 -4.543443 34.702383
-9.750490 -4.655496 33.930968
-9.683565 -4.013136 33.510592
-9.783891 -3.396425 33.658721
-8.654690 -3.297054 33.727695
-8.017507 -2.093048 31.364096
-7.721473 -2.217687 31.304963
-6.950972 -1.811992 31.624513
-7.079865 -0.977257 29.874519
-6.276656 -1.433162 29.394478
-5.692008 -1.044574 27.604120
-5.067888 -1.048733 27.908781
-4.155586 -1.920610 27.801153
-3.727369 -0.415933 26.756775
-3.270747 -1.791122 26.425873
-2.784264 -1.348957 25.778366
-3.044202 -0.410629 25.154943
-2.418428 -1.611628 24.244688
-2.954237 -0.376895 23.397462
-2.484148 -1.048689 23.561056
-2.441301 -1.332394 23.031412
-2.972181 -1.137402 21.599657
-2.365765 -1.030623 22.383182
-3.071046 -2.163265 20.431230
-2.237644 -1.492480 20.194204
-1.880993 -1.033341 21.196181
-2.217065 -1.630509 20.188634
-2.261006 -1.735435 19.621841
-2.740868 -2.759059 17.737606
-2.478192 -2.385479 17.803565
-3.071146 -2.506095 16.771102
-2.624726 -2.786760 17.454907
-2.408870 -3.893048 16.451038
-2.237335 -3.567816 16.373389
-2.523157 -3.597677 15.980822
-2.493375 -3.523213 15.499305
-1.851360 -2.257412 14.502789
-2.391191 -3.308594 15.222721
-1.866926 -4.121726 14.337342
-3.281071 -4.218068 14.073043
-2.994037 -3.775906 14.112377
-2.308084 -6.148214 13.568766
-3.554044 -5.334992 14.627886
-3.364964 -6.256191 13.303711
-3.807768 -6.673784 13.475760
-3.966285 -6.282388 13.074308
-4.232840 -6.889660 13.121037
-4.291356 -7.451348 13.662140
-5.434941 -8.064099 13.324688
-5.284826 -9.856262 13.800484
-4.775297 -9.565910 13.766591
-5.604255 -10.732289 13.958999
-6.745469 -11.450760 14.092933
-6.352016 -12.623573 14.039711
-7.264203 -12.462921 14.000389
-8.297362 -14.012091 14.375611
-8.970584 -15.302321 15.515633
-7.943667 -15.354954 16.619529
-9.546045 -14.683382 17.284063
-10.589220 -17.522729 18.541638
-11.462619 -18.537786 19.983842
-11.938384 -18.401634 20.747474
-11.963244 -19.218290 22.216424
-13.120136 -19.942543 25.767031
-14.168273 -20.462092 27.500217
-14.151140 -20.045861 30.185536
-14.462398 -19.432093 31.456666
-16.051568 -19.209377 34.078988
-14.799356 -18.388495 35.287907
-15.939249 -16.027967 37.958812
-14.887923 -14.577772 39.538084
-15.527550 -11.857878 40.216418
-15.924260 -10.065614 40.282446
-15.133358 -8.374598 41.520628
-14.435774 -6.283259 42.183051
-13.916905 -3.198593 41.534655
-12.900623 -2.523497 40.907514
-12.130587 -2.010099 40.263143
-10.953303 0.592535 38.114534
-9.602776 1.808104 37.857119
-8.462389 3.012926 37.288997
-6.762808 2.577926 35.270016
-6.029140 4.889798 34.876476
-3.911165 3.987022 32.807531
-3.796369 3.849542 32.311596
-3.231270 5.040016 30.488238
-2.024798 4.197024 29.770214
-1.290376 4.291311 29.468684
-0.932160 4.214733 27.436853
-0.429761 4.220814 27.022999
0.224153 3.709617 26.376893
0.206082 4.451027 25.624208
0.283452 3.824707 24.619664
1.475428 4.798712 24.352789
1.573366 4.729778 23.194388
1.664872 5.116147 24.235913
2.240201 4.225929 22.370352
2.202464 4.419363 22.370003
3.567382 4.379256 21.238532
2.565140 4.017285 21.406784
3.023295 4.268120 20.190437
3.721245 5.110450 21.457499
3.516660 4.744834 20.712989
3.584920 4.759910 18.818975
3.542880 4.947259 19.346500
3.344543 5.657285 19.691921
3.872648 4.723914 19.352425
4.181166 5.745656 18.650809
3.596221 5.854206 18.160974
5.063714 7.296723 18.969818
4.360523 6.699725 19.137034
4.788372 7.153869 18.707052
5.881510 7.536905 18.360748
5.149749 8.135191 17.352919
5.819130 9.226189 17.532527
5.908298 9.229486 17.846104
6.780100 10.202390 17.995839
6.585769 10.231883 17.724307
7.248953 11.395931 18.147950
8.116339 11.109438 17.600403
8.195400 12.579448 17.975390
8.654871 13.578996 19.014293
9.214457 14.003861 19.941527
9.156680 13.573428 20.685759
10.208316 15.135256 21.531578
9.810659 15.239843 21.777763
11.500412 15.599077 22.650818
11.898928 17.105294 23.819662
12.501666 17.268586 24.725413
12.718447 16.629124 26.135630
13.177322 17.116779 27.279326
12.916635 16.502056 29.288443
13.301967 16.385053 31.069312
13.743565 14.994784 31.848876
14.111012 14.584250 31.970178
13.985954 13.317421 33.767542
13.842487 13.650333 36.083826
14.286154 11.558306 35.714235
14.302950 10.685206 38.383535
13.970153 8.799580 37.469813
12.741496 7.564351 37.101037
13.298086 6.629321 37.641917
11.498469 5.514603 36.576447
11.792781 4.456911 38.607057
10.503426 3.318152 37.528225
10.287215 2.664777 35.803205
8.991891 1.774615 35.039527
7.699032 0.367699 34.341717
7.779002 0.159141 33.670287
7.586501 -0.280468 32.139305
6.035382 -1.029961 32.221613
6.002543 -0.438443 30.909827
5.244856 -1.867794 30.608847
4.278921 -1.205470 29.050805
3.462813 -1.523787 27.833250
3.283661 -0.067948 27.891825
2.052392 -0.763462 27.419709
2.580071 -1.290786 26.499857
1.166911 -2.083919 24.908576
1.747749 -0.940498 25.350471
0.719561 -1.506945 24.074426
0.755737 -0.368108 23.442769
0.380373 -0.826034 23.266965
-0.033210 -0.642676 21.824111
1.052774 -0.865218 21.669029
0.295824 -0.492710 20.042803
-0.275030 -1.390892 20.605580
0.287068 -1.090577 19.538956
-0.138716 -0.587508 17.948503
0.134067 -1.353896 17.770259
0.425427 -0.789841 18.068033
-0.121347 -0.525670 17.474722
0.085956 -0.481783 18.073124
-0.382237 0.081403 16.400043
-0.208005 -0.799164 17.407144
-1.109059 -0.623939 16.915044
-1.073302 -0.376423 16.126586
0.166566 -0.908029 15.123100
-0.639648 -0.592762 14.540397
-0.115427 -1.854403 14.126006
-1.066966 0.155633 13.594105
-1.379443 -0.704976 13.513844
0.090654 -0.734501 13.311276
-1.310257 -0.713408 13.150475
-0.943303 -0.864712 12.265010
-0.766558 -1.183645 13.245027
0.026634 -2.009676 12.233120
-2.032712 -2.137325 11.680650
-2.817331 -2.894472 12.374569
-1.265334 -1.445157 12.158716
-1.241477 -2.061967 11.509508
-1.660748 -2.094052 11.229079
-1.777694 -1.702245 10.562520
-1.887930 -3.198614 10.189673
-2.360185 -3.543689 10.490153
-2.855569 -3.267440 10.144827
-1.796570 -3.969713 8.943207
-2.014895 -3.847279 9.528745
-1.770162 -3.119301 9.478322
-2.273785 -4.302958 8.589760
-1.593841 -4.234903 9.008753
-3.475814 -5.436742 9.484189
-3.131607 -5.134348 8.147138
-2.816265 -7.025996 7.864027
-3.352869 -6.240831 9.253006
-4.337041 -6.917370 7.002806
-3.606916 -7.962167 7.533229
-4.271573 -8.574119 8.962692
-4.407453 -9.257474 7.620750
-5.269039 -10.874268 7.948315
-5.378068 -11.591390 9.587348
-6.302624 -10.869506 9.431955
-6.704850 -14.033359 9.279369
-7.387308 -14.312625 10.048766
-8.640707 -15.693165 10.423208
-9.664727 -17.039448 12.619680
-9.808919 -18.165695 12.725788
-10.517743 -18.876075 14.976640
-11.511412 -19.476554 16.658931
-11.643846 -21.076650 18.372459
-12.727631 -21.905987 20.075184
-14.287454 -23.302500 21.924761
-15.706455 -23.451624 25.692642
-15.781990 -23.910000 27.642619
-17.427916 -23.657391 31.124878
-17.435676 -22.241368 34.985066
-17.927083 -21.573031 38.121894
-18.106346 -19.519044 39.792996
-19.297354 -15.994335 43.509427
-18.273963 -13.950811 44.524468
-17.594073 -10.476236 45.593165
-17.269085 -7.852729 45.952665
-15.730853 -3.958260 47.102761
-14.321803 0.087364 46.249324
-13.018639 1.697445 46.381883
-12.333021 3.172728 43.695069
-8.873137 6.391096 42.863475
-8.018121 7.232256 39.972267
-7.209682 8.138734 39.234455
-5.495727 8.786896 37.385942
-5.238533 9.575852 37.013835
-2.499593 10.002257 34.746774
-0.715861 9.034500 33.902386
-0.162233 9.066466 33.533842
1.194555 9.614791 31.553208
1.295547 9.471352 31.462546
3.120277 9.352523 30.842923
2.908804 9.056898 29.827415
4.882077 8.458810 29.573823
4.710497 8.758593 29.165130
5.039747 9.348687 27.873416
5.564391 9.236950 29.118833
5.163798 8.756117 28.262414
5.903775 8.711967 27.498047
5.977445 7.950868 27.440544
7.112589 8.566979 28.095308
6.458910 9.148605 27.376905
6.876062 8.847192 27.071596
7.641722 8.909812 26.825147
6.876253 8.510033 26.146228
8.262579 8.534100 25.912233
7.685823 8.358788 26.413221
8.182395 8.032434 26.501985
8.182531 9.514632 26.104982
6.525444 9.028855 26.110605
7.512649 8.662432 26.485278
7.697733 9.098451 25.392856
7.059888 9.190998 25.930160
7.333759 8.134225 26.150439
7.901386 9.303238 26.404024
7.409574 9.427180 26.334125
8.515889 8.835775 25.987044
8.493213 8.742760 24.803756
8.975437 9.458085 26.630314
7.442151 8.942875 25.892150
8.750960 9.844733 26.985803
8.964468 10.050390 26.655429
9.108738 10.075539 26.504783
9.508620 8.557150 27.719530
9.448713 8.652420 26.068039
9.026597 9.225029 26.584667
9.183548 9.142489 26.234166
9.287744 8.781334 28.560665
8.464397 9.496629 27.632437
8.227820 9.107118 27.832283
8.299231 9.182609 27.727331
9.326437 8.075706 28.383755
10.269163 8.639029 27.590409
8.999798 9.427983 28.254551
9.367484 8.886073 28.048587
9.586330 7.696990 28.422395
9.211970 8.556842 28.806221
8.819725 9.132843 28.865849
8.574634 8.792769 29.048866
8.318541 7.820274 28.282492
8.858461 8.129032 27.659967
9.285962 8.495643 27.658514
8.789526 7.509973 28.849522
8.638042 8.264983 27.979063
8.118092 6.813452 27.772845
9.106122 7.302987 27.635224
9.631557 6.725735 27.688673
8.929994 6.223752 28.048692
8.956944 6.552023 27.349937
7.900328 6.466815 27.352426
7.468744 8.149328 27.143386
7.633111 6.469544 27.460520
8.362982 7.883917 27.236601
7.464126 6.571569 26.560906
9.132713 6.871401 26.462383
8.471178 6.861388 26.257574
8.528512 7.203211 25.833138
8.250472 7.271896 26.893143
8.190919 7.488597 27.266916
7.813917 7.932689 27.410188
7.549658 8.064755 26.019436
7.922824 7.890318 26.202844
7.554073 7.480009 25.863571
7.657645 7.869637 24.444960
8.181184 8.879754 25.934115
7.270523 8.430865 26.512702
7.683326 8.510455 26.224141
7.809049 8.312984 26.368305
7.122041 9.270593 26.222038
8.074342 8.603345 25.699227
9.081655 9.019146 25.638704
8.261709 8.438898 25.489087
8.588297 8.474716 25.918865
8.226980 9.563852 25.129070
8.761535 10.234692 26.593308
9.080806 9.519113 26.474684
8.392174 9.108168 26.706130
8.892126 8.891589 25.842668
8.470556 9.648066 26.516514
8.891367 8.965496 25.684458
8.605433 9.563250 27.651395
9.665906 9.863288 27.503570
9.041823 9.277799 28.370739
8.854273 9.745440 27.464734
9.883704 9.734964 27.976398
8.506768 8.730807 27.489327
8.565583 9.462581 28.330139
8.697312 9.378052 28.055512
9.337308 9.971710 27.495900
9.675284 8.479623 28.138696
9.848445 8.820021 28.353326
8.960044 8.691280 29.045577
9.778113 9.012220 29.666989
9.240176 7.951661 29.197627
8.730401 9.061515 28.447437
9.149185 8.534963 28.910443
